-5.196152752436606903e-01 1.039230550487318272e+00 0.000000000000000000e+00 0.000000000000000000e+00 0.000000000000000000e+00 0.000000000000000000e+00 0.000000000000000000e+00 0.000000000000000000e+00 0.000000000000000000e+00 0.000000000000000000e+00 0.000000000000000000e+00 0.000000000000000000e+00 0.000000000000000000e+00 0.000000000000000000e+00 0.000000000000000000e+00 0.000000000000000000e+00 0.000000000000000000e+00 0.000000000000000000e+00 0.000000000000000000e+00 0.000000000000000000e+00 0.000000000000000000e+00
1.818751475735329304e-01 -1.091250885441194418e+00 1.091250885441194418e+00 0.000000000000000000e+00 0.000000000000000000e+00 0.000000000000000000e+00 0.000000000000000000e+00 0.000000000000000000e+00 0.000000000000000000e+00 0.000000000000000000e+00 0.000000000000000000e+00 0.000000000000000000e+00 0.000000000000000000e+00 0.000000000000000000e+00 0.000000000000000000e+00 0.000000000000000000e+00 0.000000000000000000e+00 0.000000000000000000e+00 0.000000000000000000e+00 0.000000000000000000e+00 0.000000000000000000e+00
-4.438359025415711950e-02 5.326030830498857949e-01 -1.331507707624713710e+00 8.876718050831423623e-01 0.000000000000000000e+00 0.000000000000000000e+00 0.000000000000000000e+00 0.000000000000000000e+00 0.000000000000000000e+00 0.000000000000000000e+00 0.000000000000000000e+00 0.000000000000000000e+00 0.000000000000000000e+00 0.000000000000000000e+00 0.000000000000000000e+00 0.000000000000000000e+00 0.000000000000000000e+00 0.000000000000000000e+00 0.000000000000000000e+00 0.000000000000000000e+00 0.000000000000000000e+00
2.731228693933817481e-02 -5.462457387867634129e-01 2.458105824540435691e+00 -3.823720171507344112e+00 1.911860085753672056e+00 0.000000000000000000e+00 0.000000000000000000e+00 0.000000000000000000e+00 0.000000000000000000e+00 0.000000000000000000e+00 0.000000000000000000e+00 0.000000000000000000e+00 0.000000000000000000e+00 0.000000000000000000e+00 0.000000000000000000e+00 0.000000000000000000e+00 0.000000000000000000e+00 0.000000000000000000e+00 0.000000000000000000e+00 0.000000000000000000e+00 0.000000000000000000e+00
1.720177420195189225e-02 -5.160532260585567466e-01 3.612372582409897337e+00 -9.632993553093038841e+00 1.083711774722968180e+01 -4.334847098891877692e+00 0.000000000000000000e+00 0.000000000000000000e+00 0.000000000000000000e+00 0.000000000000000000e+00 0.000000000000000000e+00 0.000000000000000000e+00 0.000000000000000000e+00 0.000000000000000000e+00 0.000000000000000000e+00 0.000000000000000000e+00 0.000000000000000000e+00 0.000000000000000000e+00 0.000000000000000000e+00 0.000000000000000000e+00 0.000000000000000000e+00
-1.280364585425534073e-02 5.377531258787259238e-01 -5.377531258787257684e+00 2.151012503514895968e+01 -4.033148444090443974e+01 3.549170630799580550e+01 -1.183056876933194701e+01 0.000000000000000000e+00 0.000000000000000000e+00 0.000000000000000000e+00 0.000000000000000000e+00 0.000000000000000000e+00 0.000000000000000000e+00 0.000000000000000000e+00 0.000000000000000000e+00 0.000000000000000000e+00 0.000000000000000000e+00 0.000000000000000000e+00 0.000000000000000000e+00 0.000000000000000000e+00 0.000000000000000000e+00
9.629311997956810712e-03 -5.392414718855801370e-01 7.279759870455349891e+00 -4.044311039141869202e+01 1.112185535764011632e+02 -1.601547171500176603e+02 1.156672957194571296e+02 -3.304779877698786095e+01 0.000000000000000000e+00 0.000000000000000000e+00 0.000000000000000000e+00 0.000000000000000000e+00 0.000000000000000000e+00 0.000000000000000000e+00 0.000000000000000000e+00 0.000000000000000000e+00 0.000000000000000000e+00 0.000000000000000000e+00 0.000000000000000000e+00 0.000000000000000000e+00 0.000000000000000000e+00
-7.790194800728292984e-03 5.608940256524380663e-01 -9.815645448917646121e+00 7.198139995872946884e+01 -2.699302498452354939e+02 5.614549196780895954e+02 -6.550307396244372740e+02 4.010392283414923327e+02 -1.002598070853731684e+02 0.000000000000000000e+00 0.000000000000000000e+00 0.000000000000000000e+00 0.000000000000000000e+00 0.000000000000000000e+00 0.000000000000000000e+00 0.000000000000000000e+00 0.000000000000000000e+00 0.000000000000000000e+00 0.000000000000000000e+00 0.000000000000000000e+00 0.000000000000000000e+00
6.337761443881645765e-03 -5.703985299493490313e-01 1.254876765888566403e+01 -1.171218314829328335e+02 5.709689284792974604e+02 -1.598712999742031343e+03 2.664521666236723377e+03 -2.610143673048217806e+03 1.386638826306866349e+03 -3.081419614015264870e+02 0.000000000000000000e+00 0.000000000000000000e+00 0.000000000000000000e+00 0.000000000000000000e+00 0.000000000000000000e+00 0.000000000000000000e+00 0.000000000000000000e+00 0.000000000000000000e+00 0.000000000000000000e+00 0.000000000000000000e+00 0.000000000000000000e+00
-5.372297417214937781e-03 5.909527158936427327e-01 -1.595572332912831293e+01 1.843772473588161631e+02 -1.129310640072751994e+03 4.065518304261905087e+03 -9.034485120582019590e+03 1.253765282039948579e+04 -1.057864456721210081e+04 4.962820908074820181e+03 -9.925641816149628767e+02 0.000000000000000000e+00 0.000000000000000000e+00 0.000000000000000000e+00 0.000000000000000000e+00 0.000000000000000000e+00 0.000000000000000000e+00 0.000000000000000000e+00 0.000000000000000000e+00 0.000000000000000000e+00 0.000000000000000000e+00
4.569761658438963384e-03 -6.032085389139431042e-01 1.960427751470318114e+01 -2.744598852058441594e+02 2.058449139043826563e+03 -9.221852142916359298e+03 2.612858107159634528e+04 -4.799127135599329631e+04 5.698963473524203437e+04 -4.221454424832740915e+04 1.773010858429756627e+04 -3.223656106235916013e+03 0.000000000000000000e+00 0.000000000000000000e+00 0.000000000000000000e+00 0.000000000000000000e+00 0.000000000000000000e+00 0.000000000000000000e+00 0.000000000000000000e+00 0.000000000000000000e+00 0.000000000000000000e+00
-3.990932474839174043e-03 6.225854660749111646e-01 -2.396954044388407823e+01 3.994923407314013275e+02 -3.595431066582611948e+03 1.955914500220941045e+04 -6.845700750773293839e+04 1.592673235894194804e+05 -2.488551931084679381e+05 2.580720521124852530e+05 -1.703275543942402583e+05 6.475262398458721145e+04 -1.079210399743120252e+04 0.000000000000000000e+00 0.000000000000000000e+00 0.000000000000000000e+00 0.000000000000000000e+00 0.000000000000000000e+00 0.000000000000000000e+00 0.000000000000000000e+00 0.000000000000000000e+00
3.493645738099196429e-03 -6.358435243340538889e-01 2.861295859503241346e+01 -5.595423014139673796e+02 5.945136952523399486e+03 -3.852448745235166280e+04 1.626589470210404834e+05 -4.647398486315436312e+05 9.149565769933527336e+05 -1.242533623077388620e+06 1.143130933231201721e+06 -6.802101420879864600e+05 2.361840771138844138e+05 -3.633601186367451010e+04 0.000000000000000000e+00 0.000000000000000000e+00 0.000000000000000000e+00 0.000000000000000000e+00 0.000000000000000000e+00 0.000000000000000000e+00 0.000000000000000000e+00
3.114976817274292716e-03 -6.541451316276043482e-01 3.401554684463530975e+01 -7.710190618117320582e+02 9.541360889920193586e+03 -7.251434276339368080e+04 3.625717138169677928e+05 -1.243103018801034428e+06 2.991216638989981264e+06 -5.096146866427381523e+06 6.115376239712871611e+06 -5.054029950175913982e+06 2.737599556345283519e+06 -8.747359529150594026e+05 1.249622789878659532e+05 0.000000000000000000e+00 0.000000000000000000e+00 0.000000000000000000e+00 0.000000000000000000e+00 0.000000000000000000e+00 0.000000000000000000e+00
2.782080451980090650e-03 -6.676993084752242957e-01 3.972810885427570327e+01 -1.032930830211168086e+03 1.471926433050914420e+04 -1.295295261084805534e+05 7.555889022994673578e+05 -3.053195972557040863e+06 8.777938421101504937e+06 -1.820609450302531198e+07 2.730914175453796610e+07 -2.934040023214822263e+07 2.200530017411119491e+07 -1.093754564867065847e+07 3.236620651137232315e+06 -4.315494201516308240e+05 0.000000000000000000e+00 0.000000000000000000e+00 0.000000000000000000e+00 0.000000000000000000e+00 0.000000000000000000e+00
-2.518575004990994490e-03 6.850524013575485238e-01 -4.624103709163455278e+01 1.366679540708314562e+03 -2.220854253651008912e+04 2.238621087680214259e+05 -1.504850842273921240e+06 7.063585586183729582e+06 -2.383960135337007418e+07 5.886321321819759905e+07 -1.071310480571198314e+08 1.434316511177966297e+08 -1.394474385867466629e+08 9.571540163350676000e+07 -4.395094972967154533e+07 1.211092836995391548e+07 -1.513866046244238038e+06 0.000000000000000000e+00 0.000000000000000000e+00 0.000000000000000000e+00 0.000000000000000000e+00
-2.282960030486879191e-03 6.985857693289836412e-01 -5.309251846900296101e+01 1.769750615633426833e+03 -3.251916756226424695e+04 3.720192769123028265e+05 -2.852147789660989307e+06 1.536667380552041158e+07 -6.002606955281414837e+07 1.734086453747965991e+08 -3.745626740095602870e+08 6.067296207097001076e+08 -7.331316250242228508e+08 6.507085429209067822e+08 -4.116727516438394189e+08 1.756470407013714612e+08 -4.528400268082237244e+07 5.327529727155561559e+06 0.000000000000000000e+00 0.000000000000000000e+00 0.000000000000000000e+00
2.090955878977387647e-03 -7.151069106102662110e-01 6.078408740187258275e+01 -2.269272596336578772e+03 4.680374729944183491e+04 -6.028322652168133063e+05 5.224546298545690253e+06 -3.198701815436146781e+07 1.429419873773026764e+08 -4.764732912576766610e+08 1.200712693969344139e+09 -2.302192933891632557e+09 3.357364695258632183e+09 -3.695087771113059044e+09 3.016398180500451088e+09 -1.769620265893597841e+09 7.050830746919796467e+08 -1.707813675724518895e+08 1.897570750805022195e+07 0.000000000000000000e+00 0.000000000000000000e+00
-1.917025872564398926e-03 7.284698315744708719e-01 -6.884039908378740336e+01 2.860701028592947750e+03 -6.579612365763787238e+04 9.474641806699859444e+05 -9.211457312069302425e+06 6.354025656080461293e+07 -3.216725488390736580e+08 1.223149938795487642e+09 -3.547134822506919861e+09 7.915094232040230751e+09 -1.363155117740258789e+10 1.806785481501884079e+10 -1.825222068047820282e+10 1.379056673636131477e+10 -7.541716183947583199e+09 2.818357605073839664e+09 -6.436989591835309267e+08 6.775778517721372843e+07 0.000000000000000000e+00
1.772044853221473471e-03 -7.442588383530196472e-01 7.777504860789051122e+01 -3.577652235962967552e+03 9.123013201705543906e+04 -1.459682112272887491e+06 1.581322288295627758e+07 -1.219877193828056306e+08 6.938051539897058010e+08 -2.980792513437249660e+09 9.836615294342950821e+09 -2.520124579542411041e+10 5.040249159084816742e+10 -7.873525313599951172e+10 9.560709309371379089e+10 -8.923328688746615601e+10 6.274215484274977875e+10 -3.213093050770569992e+10 1.130532740085940552e+10 -2.442702319299264908e+09 2.442702319299265146e+08
