0.023193
0.01709
0.0048828
-0.00061035
0.0024414
0.0012207
-0.0030518
-0.0024414
0
0.0018311
0.0024414
0.0024414
0.00061035
-0.00061035
-0.00061035
0.048218
0.076904
0.055542
0.053711
0.048218
0.042725
0.039062
0.036621
0.0354
0.033569
0.030518
0.027466
0.026245
0.025635
0.025635
0.032349
0.040283
0.039062
0.036621
0.0354
0.03418
0.032349
0.029907
0.029297
0.028076
0.025024
0.025024
0.025635
0.024414
0.023193
0.023193
0.023804
0.025024
0.025024
0.021973
0.020142
0.019531
0.019531
0.018311
0.016479
0.016479
0.016479
0.015259
0.015259
0.014038
-0.049438
-0.10071
-0.085449
-0.077515
-0.074463
-0.073853
-0.072632
-0.071411
-0.067749
-0.060425
-0.054932
-0.054932
-0.055542
-0.048828
-0.040894
0.031738
0.083008
0.062256
0.059204
0.057373
0.053711
0.048828
0.046997
0.044556
0.042114
0.040894
0.038452
0.037842
0.037231
0.03418
0.0085449
-0.019531
-0.020752
-0.020142
-0.022583
-0.018921
-0.01709
-0.016479
-0.01709
-0.015869
-0.014038
-0.014648
-0.014038
-0.013428
-0.011597
0.0012207
0.015259
0.015869
0.015869
0.013428
0.013428
0.014038
0.012817
0.010986
0.011597
0.011597
0.0085449
0.010986
0.0091553
0.0079346
-0.010986
-0.031738
-0.031128
-0.029907
-0.026245
-0.025024
-0.025635
-0.023804
-0.022583
-0.021973
-0.021362
-0.020142
-0.0177
-0.018311
-0.0177
0.014038
0.044556
0.044556
0.042114
0.040283
0.037842
0.0354
0.03418
0.03418
0.032959
0.030518
0.029907
0.027466
0.026855
0.025024
-0.045166
-0.095825
-0.076904
-0.070801
-0.06958
-0.064697
-0.058594
-0.059204
-0.05249
-0.044556
-0.050049
-0.05127
-0.043945
-0.043945
-0.040894
0.025635
0.065308
0.037842
0.033569
0.031738
0.029907
0.029907
0.028687
0.026245
0.024414
0.022583
0.021362
0.020142
0.018311
0.0177
0.0061035
-0.0036621
-0.0054932
-0.0073242
-0.0048828
-0.0030518
-0.0042725
-0.0048828
-0.0048828
-0.0042725
-0.0030518
-0.0036621
-0.0036621
-0.0030518
-0.0024414
0.015869
0.036621
0.038452
0.037842
0.03479
0.032349
0.032349
0.030518
0.029297
0.028687
0.027466
0.025635
0.025024
0.023804
0.021973
0.0030518
-0.013428
-0.012817
-0.012817
-0.012817
-0.011597
-0.010376
-0.010986
-0.010376
-0.0097656
-0.0097656
-0.0097656
-0.0091553
-0.0085449
-0.0079346
-0.056152
-0.091553
-0.072632
-0.065308
-0.066528
-0.062866
-0.053711
-0.05249
-0.05249
-0.046387
-0.040283
-0.039062
-0.040894
-0.037842
-0.032349
0.040894
0.083618
0.053711
0.05127
0.048218
0.043335
0.041504
0.040283
0.037231
0.03479
0.032959
0.031128
0.028076
0.027466
0.027466
0.0079346
-0.011597
-0.010986
-0.0097656
-0.0091553
-0.0091553
-0.0097656
-0.0085449
-0.0067139
-0.0073242
-0.0073242
-0.0067139
-0.0061035
-0.0061035
-0.0061035
-0.0018311
0.0012207
0.0030518
0.0036621
-0.0012207
-0.0018311
0.00061035
-0.00061035
-0.00061035
0
0.0012207
0.0024414
0
-0.0012207
0.00061035
0.010986
0.021973
0.022583
0.022583
0.021973
0.020142
0.019531
0.0177
0.0177
0.018311
0.015869
0.015259
0.014648
0.014648
0.013428
0.015869
0.020752
0.020142
0.018311
0.01709
0.01709
0.015869
0.014038
0.014648
0.013428
0.014038
0.014648
0.012817
0.011597
0.0091553
-0.0048828
-0.01709
-0.019531
-0.022583
-0.018921
-0.018921
-0.018311
-0.015869
-0.015259
-0.015869
-0.01709
-0.014038
-0.014648
-0.013428
-0.014038
-0.0048828
0.010376
0.0097656
0.0079346
0.0073242
0.0085449
0.0097656
0.0079346
0.0061035
0.0048828
0.0067139
0.0067139
0.0042725
0.0054932
0.0073242
-0.0061035
-0.018921
-0.021362
-0.023193
-0.021362
-0.018921
-0.0177
-0.01709
-0.01709
-0.016479
-0.014038
-0.012817
-0.013428
-0.013428
-0.012207
-0.028076
-0.039062
-0.033569
-0.032349
-0.030518
-0.028687
-0.027466
-0.025635
-0.023804
-0.023193
-0.021362
-0.020142
-0.019531
-0.01709
-0.015869
0.00061035
0.014648
0.010986
0.010986
0.010376
0.0097656
0.0079346
0.0067139
0.0073242
0.0061035
0.0067139
0.0054932
0.0054932
0.0073242
0.0061035
0.0091553
0.010986
0.010376
0.010986
0.0097656
0.0097656
0.0091553
0.0085449
0.0079346
0.0079346
0.0073242
0.0061035
0.0061035
0.0061035
0.0067139
0.014648
0.021362
0.020142
0.019531
0.019531
0.018921
0.0177
0.01709
0.015259
0.015259
0.014648
0.011597
0.014038
0.014038
0.012207
0.0030518
-0.0073242
-0.0054932
-0.0067139
-0.0067139
-0.0048828
-0.0067139
-0.0048828
-0.0036621
-0.0036621
-0.0024414
-0.0036621
-0.0030518
-0.0030518
-0.0042725
-0.012817
-0.023804
-0.021973
-0.018921
-0.018311
-0.018311
-0.0177
-0.015259
-0.014038
-0.013428
-0.014648
-0.014038
-0.012207
-0.011597
-0.010376
0.0030518
0.015259
0.014038
0.012817
0.013428
0.012817
0.0097656
0.0091553
0.0097656
0.0091553
0.0079346
0.0073242
0.0085449
0.0061035
0.0073242
0.025024
0.037231
0.0354
0.033569
0.032349
0.031128
0.030518
0.029907
0.028076
0.026245
0.024414
0.023193
0.023804
0.022583
0.020142
0.0042725
-0.010376
-0.010376
-0.010376
-0.010986
-0.012207
-0.010986
-0.0091553
-0.0085449
-0.0091553
-0.0085449
-0.0067139
-0.0067139
-0.0073242
-0.0073242
-0.026245
-0.045776
-0.043945
-0.039673
-0.037842
-0.036621
-0.0354
-0.03418
-0.030518
-0.028076
-0.028076
-0.028076
-0.026855
-0.023804
-0.021973
0.010376
0.040894
0.038452
0.036011
0.032349
0.031128
0.031128
0.029297
0.026245
0.025024
0.025024
0.023804
0.021973
0.020752
0.020752
0.033569
0.047607
0.046997
0.045166
0.042114
0.039062
0.037842
0.037231
0.0354
0.032959
0.03418
0.0354
0.031738
0.028687
0.027466
-0.0061035
-0.043945
-0.05249
-0.057983
-0.057373
-0.054321
-0.053711
-0.049438
-0.048218
-0.046997
-0.043945
-0.044556
-0.041504
-0.037842
-0.037842
-0.028076
-0.018311
-0.020142
-0.018311
-0.016479
-0.0177
-0.015869
-0.015259
-0.013428
-0.012207
-0.013428
-0.012817
-0.011597
-0.010986
-0.010376
0.0024414
0.014038
0.011597
0.012207
0.010986
0.0091553
0.010376
0.0085449
0.0073242
0.0079346
0.0067139
0.0073242
0.0079346
0.0079346
0.0061035
0.025024
0.047607
0.047607
0.046387
0.044556
0.042725
0.040894
0.039062
0.036621
0.03479
0.033569
0.030518
0.028076
0.028076
0.026245
0.0018311
-0.023804
-0.030518
-0.03418
-0.032959
-0.030518
-0.029907
-0.029907
-0.027466
-0.023804
-0.024414
-0.025635
-0.025024
-0.021973
-0.018921
-0.0073242
0.010376
0.015869
0.014038
0.012207
0.013428
0.013428
0.0097656
0.0097656
0.010986
0.0097656
0.0091553
0.0091553
0.0097656
0.0079346
0.018921
0.032349
0.032349
0.028687
0.025635
0.025635
0.025024
0.024414
0.023804
0.022583
0.021973
0.021362
0.020752
0.020752
0.020142
0.0024414
-0.019531
-0.023804
-0.023804
-0.023804
-0.023804
-0.023804
-0.024414
-0.023193
-0.020142
-0.019531
-0.020142
-0.018921
-0.015259
-0.0177
-0.037231
-0.049438
-0.046387
-0.046997
-0.043945
-0.040283
-0.039062
-0.037842
-0.036011
-0.032349
-0.031738
-0.030518
-0.028076
-0.028076
-0.026855
0.0073242
0.037842
0.03479
0.032349
0.029907
0.028076
0.026855
0.026245
0.024414
0.023193
0.021973
0.020752
0.020142
0.019531
0.018311
0.032959
0.05127
0.05249
0.050659
0.045776
0.040894
0.039673
0.037842
0.036621
0.036011
0.03479
0.0354
0.032959
0.029297
0.028687
-0.038452
-0.096436
-0.092773
-0.097656
-0.097046
-0.089111
-0.081787
-0.084229
-0.079956
-0.06958
-0.07019
-0.06958
-0.061646
-0.061646
-0.057373
-0.046997
-0.042725
-0.039673
-0.039673
-0.039673
-0.0354
-0.028076
-0.022583
-0.021362
-0.020142
-0.018921
-0.016479
-0.010986
-0.0073242
-0.0054932
0.054321
0.090332
0.065308
0.059204
0.053101
0.049438
0.046997
0.042725
0.038452
0.037842
0.037842
0.03418
0.030518
0.029297
0.027466
0.014648
0.0024414
0.0048828
0.0054932
0.0024414
0.0036621
0.0036621
0.0024414
0.0024414
0.0012207
0.0024414
0.0061035
0.0030518
0.0018311
0.0012207
0.01709
0.03418
0.031128
0.029297
0.028076
0.026855
0.025635
0.025635
0.025635
0.025024
0.021973
0.020142
0.020752
0.020142
0.018311
-0.00061035
-0.018311
-0.0177
-0.019531
-0.018311
-0.015259
-0.015869
-0.015259
-0.015869
-0.015869
-0.014038
-0.012207
-0.011597
-0.014038
-0.011597
-0.062866
-0.097046
-0.068359
-0.063477
-0.065308
-0.063477
-0.056763
-0.048828
-0.047607
-0.047607
-0.045776
-0.036621
-0.031128
-0.03418
-0.031128
0.028076
0.062256
0.037231
0.032959
0.029297
0.026855
0.025024
0.023804
0.021973
0.020752
0.019531
0.016479
0.016479
0.014648
0.013428
0.028687
0.042114
0.040894
0.038452
0.0354
0.032959
0.031738
0.031128
0.028687
0.026245
0.025635
0.024414
0.023804
0.023804
0.020142
0.031128
0.046387
0.046387
0.044556
0.040894
0.038452
0.038452
0.036621
0.03479
0.032349
0.030518
0.029907
0.029297
0.029297
0.026855
-0.0024414
-0.036621
-0.046387
-0.048218
-0.048218
-0.046997
-0.045166
-0.042725
-0.042114
-0.040894
-0.037231
-0.037231
-0.036011
-0.03418
-0.031738
-0.029907
-0.029907
-0.026245
-0.023804
-0.024414
-0.025024
-0.024414
-0.020752
-0.018311
-0.018921
-0.018311
-0.0177
-0.015869
-0.014648
-0.014648
0.0061035
0.023193
0.021362
0.020752
0.018311
0.0177
0.016479
0.015259
0.015259
0.014038
0.013428
0.014038
0.012817
0.012817
0.011597
0.00061035
-0.0097656
-0.012207
-0.010376
-0.010376
-0.0097656
-0.0091553
-0.0085449
-0.0079346
-0.0085449
-0.0073242
-0.0073242
-0.0067139
-0.0067139
-0.0061035
-0.018311
-0.029907
-0.025635
-0.022583
-0.023193
-0.022583
-0.019531
-0.018921
-0.018311
-0.015869
-0.014648
-0.015259
-0.013428
-0.012207
-0.012207
-0.039673
-0.057983
-0.040283
-0.032349
-0.037842
-0.031738
-0.025024
-0.020752
-0.0177
-0.023193
-0.012207
-0.0085449
-0.015259
-0.013428
-0.0061035
-0.0091553
-0.015869
-0.0097656
-0.0024414
-0.00061035
-0.00061035
0.00061035
0.00061035
0
0.0018311
0.0030518
-0.00061035
-0.0036621
-0.0030518
-0.0030518
0.062866
0.11292
0.093384
0.08606
0.078735
0.073853
0.07019
0.067139
0.061646
0.057983
0.056152
0.05249
0.050049
0.048218
0.046997
0.020142
-0.012207
-0.01709
-0.016479
-0.015869
-0.013428
-0.015259
-0.014038
-0.0091553
-0.0091553
-0.010376
-0.013428
-0.0091553
-0.0061035
-0.0097656
-0.021362
-0.029907
-0.025024
-0.024414
-0.023804
-0.022583
-0.020142
-0.018311
-0.018311
-0.018311
-0.01709
-0.016479
-0.015259
-0.014648
-0.014038
-0.045166
-0.060425
-0.037842
-0.039062
-0.03479
-0.031128
-0.027466
-0.024414
-0.026245
-0.021973
-0.025024
-0.019531
-0.01709
-0.014648
-0.013428
0.031738
0.063477
0.040283
0.037231
0.03418
0.031128
0.029907
0.027466
0.025024
0.023193
0.020752
0.018921
0.020142
0.020142
0.01709
0
-0.014038
-0.010376
-0.010986
-0.010986
-0.0097656
-0.0097656
-0.0085449
-0.0073242
-0.0067139
-0.0067139
-0.0061035
-0.0054932
-0.0048828
-0.0048828
0.014648
0.031738
0.030518
0.028687
0.026245
0.025635
0.023804
0.022583
0.021973
0.018921
0.016479
0.016479
0.016479
0.016479
0.014038
0.031738
0.053711
0.054321
0.05188
0.050049
0.046997
0.043945
0.042114
0.039062
0.037231
0.036621
0.03418
0.032959
0.032349
0.030518
0.028076
0.027466
0.025024
0.021362
0.021362
0.020752
0.019531
0.020752
0.019531
0.0177
0.0177
0.0177
0.01709
0.018921
0.018311
-0.00061035
-0.021362
-0.028687
-0.031128
-0.030518
-0.030518
-0.031128
-0.028687
-0.026855
-0.027466
-0.028076
-0.025635
-0.023804
-0.025024
-0.024414
-0.032349
-0.041504
-0.040894
-0.037231
-0.037231
-0.036011
-0.03479
-0.032959
-0.030518
-0.032349
-0.030518
-0.029297
-0.026855
-0.023804
-0.021973
0.0079346
0.039673
0.042114
0.040283
0.039673
0.037842
0.0354
0.03418
0.032959
0.030518
0.028687
0.027466
0.025024
0.024414
0.023193
0
-0.026855
-0.032959
-0.03479
-0.031738
-0.029297
-0.031128
-0.029907
-0.027466
-0.026245
-0.025024
-0.025024
-0.023804
-0.022583
-0.021973
-0.0018311
0.018311
0.018311
0.018311
0.018311
0.015869
0.015869
0.016479
0.016479
0.014038
0.011597
0.013428
0.011597
0.010376
0.012207
-0.054321
-0.10315
-0.083008
-0.076294
-0.072021
-0.07019
-0.064697
-0.062256
-0.060425
-0.053711
-0.050659
-0.045776
-0.042725
-0.042114
-0.040283
0.028687
0.075684
0.050659
0.046997
0.043335
0.039673
0.037231
0.036621
0.03418
0.031738
0.030518
0.027466
0.025635
0.024414
0.022583
0.013428
0.0042725
0.0042725
0.0048828
0.0061035
0.0054932
0.0036621
0.0042725
0.0036621
0.0036621
0.0048828
0.0024414
0.0024414
0.0030518
0.0024414
0.0024414
-0.0030518
-0.0054932
-0.0030518
-0.0036621
-0.0030518
-0.0036621
-0.0054932
-0.0018311
-0.0012207
-0.0036621
-0.0024414
-0.0036621
-0.0036621
-0.00061035
0.0024414
0.0091553
0.011597
0.010986
0.0097656
0.0079346
0.0073242
0.0079346
0.0085449
0.0073242
0.0073242
0.0073242
0.0061035
0.0054932
0.0073242
0.010376
0.012207
0.012207
0.013428
0.012207
0.010376
0.010376
0.010376
0.0091553
0.0097656
0.011597
0.0073242
0.0073242
0.0091553
0.0061035
-0.028076
-0.059204
-0.054932
-0.05127
-0.048218
-0.046997
-0.045776
-0.041504
-0.039062
-0.039062
-0.037231
-0.03418
-0.032349
-0.030518
-0.027466
-0.05188
-0.056152
-0.03479
-0.027466
-0.028076
-0.028076
-0.021973
-0.025635
-0.019531
-0.015869
-0.018921
-0.0177
-0.011597
-0.0079346
-0.011597
0.025024
0.043945
0.022583
0.018311
0.015259
0.013428
0.011597
0.010376
0.0097656
0.0097656
0.0079346
0.0061035
0.0054932
0.0061035
0.0067139
0.0024414
-0.00061035
0
0
0
-0.00061035
0
0
-0.00061035
-0.00061035
0
-0.00061035
-0.00061035
0.00061035
0
-0.0024414
-0.0036621
-0.0030518
-0.0036621
-0.0030518
-0.0024414
-0.0024414
-0.0024414
-0.0018311
-0.0012207
-0.0018311
-0.0012207
-0.0012207
-0.0012207
-0.0012207
0.0079346
0.01709
0.015259
0.014648
0.014038
0.012207
0.010376
0.010986
0.0097656
0.0085449
0.0085449
0.0073242
0.0073242
0.0073242
0.0067139
-0.0042725
-0.012817
-0.010986
-0.010376
-0.0091553
-0.0073242
-0.0061035
-0.0073242
-0.0073242
-0.0067139
-0.0061035
-0.0048828
-0.0042725
-0.0036621
-0.0042725
0.00061035
0.0048828
0.0042725
0.0048828
0.0036621
0.0030518
0.0036621
0.0036621
0.0024414
0.0024414
0.0030518
0.0024414
0.0030518
0.0018311
0.0012207
0.023193
0.042725
0.040283
0.037231
0.033569
0.031738
0.031738
0.029297
0.026245
0.026245
0.025635
0.021973
0.020752
0.019531
0.018311
0.010986
-0.0018311
-0.00061035
0.0024414
0
0
-0.00061035
-0.00061035
0.0012207
0.0012207
-0.0012207
0
0
0
0.00061035
-0.05188
-0.087891
-0.067749
-0.057373
-0.054321
-0.054321
-0.05249
-0.049438
-0.041504
-0.03479
-0.031128
-0.033569
-0.030518
-0.027466
-0.028687
-0.015869
-0.0085449
-0.010986
-0.0061035
-0.0091553
-0.010376
0.0018311
-0.0036621
-0.0091553
0.0048828
0.0018311
-0.0079346
0.0036621
0.0042725
-0.0054932
0.056152
0.093994
0.07019
0.065918
0.059204
0.055542
0.05127
0.048218
0.046387
0.043335
0.040894
0.038452
0.036011
0.032959
0.031738
0.015259
-0.0036621
-0.0048828
-0.0042725
-0.0018311
-0.0042725
-0.0067139
-0.0067139
-0.0048828
-0.0036621
-0.0042725
-0.0030518
-0.0042725
-0.0036621
-0.0048828
-0.0036621
0.0036621
0.0054932
0.0036621
0.0042725
0.0036621
0.0018311
0.0018311
0.0030518
0.0036621
0.0036621
0.0030518
0.0012207
0.0018311
0.0036621
-0.043335
-0.081177
-0.056763
-0.054932
-0.056152
-0.046997
-0.043335
-0.043335
-0.037231
-0.029907
-0.037842
-0.032959
-0.026245
-0.022583
-0.026855
0.021973
0.055542
0.031738
0.028687
0.025024
0.023804
0.021973
0.020142
0.018921
0.0177
0.016479
0.015259
0.013428
0.013428
0.012817
0.024414
0.039062
0.039062
0.036621
0.033569
0.032349
0.029907
0.026855
0.026245
0.025024
0.023804
0.022583
0.020752
0.020142
0.020142
0.0091553
0
0.0018311
0.0012207
0.0012207
0
0.00061035
0.0030518
0.0018311
0.00061035
0.0012207
0.0018311
0.0024414
0.0012207
-0.00061035
-0.0012207
-0.0061035
-0.011597
-0.012207
-0.0097656
-0.0097656
-0.0097656
-0.0091553
-0.0085449
-0.0079346
-0.0091553
-0.0073242
-0.0054932
-0.0079346
-0.0079346
-0.026245
-0.042114
-0.03479
-0.032959
-0.032959
-0.029907
-0.028076
-0.028076
-0.025635
-0.023193
-0.022583
-0.020142
-0.018921
-0.019531
-0.0177
0.023193
0.061646
0.059814
0.056763
0.053711
0.050049
0.046997
0.043945
0.041504
0.040283
0.037842
0.0354
0.032959
0.031738
0.031128
0.03418
0.038452
0.040283
0.037842
0.036621
0.036011
0.032959
0.032349
0.031128
0.029297
0.028076
0.027466
0.026855
0.025024
0.021973
0.010986
-0.00061035
-0.0061035
-0.0097656
-0.012207
-0.012817
-0.011597
-0.012207
-0.012207
-0.012817
-0.011597
-0.0097656
-0.0091553
-0.0097656
-0.010376
0.0048828
0.024414
0.027466
0.026245
0.025024
0.022583
0.020142
0.021362
0.023804
0.023804
0.023804
0.023193
0.022583
0.021362
0.023193
0.018311
0.0073242
0.0036621
0.0030518
0.0024414
0.0018311
0.0018311
0.0018311
0.0024414
0.0018311
0.0012207
0.0018311
0.0012207
0.0018311
0.0012207
-0.0024414
-0.0097656
-0.015869
-0.018921
-0.018921
-0.016479
-0.01709
-0.01709
-0.015259
-0.014648
-0.014648
-0.013428
-0.012817
-0.013428
-0.014038
-0.0085449
-0.0030518
-0.0024414
-0.0018311
-0.0030518
-0.0024414
-0.0018311
-0.0024414
-0.0018311
-0.0018311
-0.0012207
-0.00061035
-0.0018311
-0.0012207
-0.0012207
0.0048828
0.015869
0.018921
0.018311
0.01709
0.015869
0.015869
0.015259
0.014648
0.014648
0.014038
0.012817
0.012207
0.012207
0.012817
-0.0036621
-0.025024
-0.031128
-0.033569
-0.032349
-0.031738
-0.032349
-0.030518
-0.028687
-0.028687
-0.029907
-0.029297
-0.026245
-0.026245
-0.026245
-0.025635
-0.029297
-0.029297
-0.025635
-0.023804
-0.025635
-0.023804
-0.022583
-0.021362
-0.018921
-0.021973
-0.020752
-0.019531
-0.0177
-0.018311
0.0048828
0.033569
0.03479
0.031738
0.029297
0.029907
0.028076
0.025635
0.025024
0.025024
0.023804
0.020142
0.019531
0.019531
0.018311
0.018921
0.0177
0.016479
0.015869
0.014648
0.015259
0.015259
0.015259
0.012817
0.010376
0.012207
0.012207
0.0097656
0.010376
0.010986
-0.021362
-0.054932
-0.061646
-0.063477
-0.060425
-0.059814
-0.057983
-0.054321
-0.05188
-0.050659
-0.048828
-0.045776
-0.043945
-0.042114
-0.038452
-0.010986
0.012817
0.010376
0.010376
0.010376
0.0085449
0.0061035
0.0073242
0.010986
0.0085449
0.0061035
0.0079346
0.0085449
0.0061035
0.0061035
0.028687
0.050659
0.050049
0.046997
0.045776
0.042725
0.039673
0.037842
0.036011
0.033569
0.031128
0.030518
0.029907
0.029297
0.028687
-0.010986
-0.054321
-0.061035
-0.063477
-0.062256
-0.057983
-0.054932
-0.053711
-0.053101
-0.05127
-0.046997
-0.043945
-0.042114
-0.040283
-0.039062
-0.038452
-0.037231
-0.036011
-0.0354
-0.031738
-0.029907
-0.030518
-0.026855
-0.023193
-0.023193
-0.022583
-0.020142
-0.019531
-0.0177
-0.015259
-0.0054932
0.0024414
0.00061035
0
0
0
0
0.00061035
0.00061035
0.00061035
0.00061035
0
0.00061035
0.0012207
0
0.020142
0.039062
0.0354
0.033569
0.029907
0.026855
0.027466
0.026855
0.023193
0.023193
0.022583
0.019531
0.019531
0.018311
0.015259
0.019531
0.023193
0.020752
0.019531
0.018921
0.018921
0.018311
0.016479
0.015259
0.014648
0.014038
0.013428
0.012817
0.012207
0.010986
-0.05188
-0.095825
-0.075684
-0.07019
-0.065918
-0.064087
-0.060425
-0.055542
-0.050659
-0.046997
-0.042725
-0.038452
-0.037231
-0.03479
-0.030518
0.036621
0.079956
0.054932
0.049438
0.045776
0.043335
0.040283
0.037842
0.036011
0.03418
0.032349
0.030518
0.028076
0.025635
0.024414
-0.0012207
-0.023804
-0.020142
-0.020142
-0.020142
-0.018921
-0.0177
-0.016479
-0.014648
-0.014038
-0.013428
-0.012817
-0.012817
-0.012207
-0.010986
-0.0018311
0.0048828
0.0036621
0.0042725
0.0030518
0.0024414
0.0030518
0.0018311
0.0030518
0.0024414
0.0012207
0.0024414
0.0012207
0.0012207
0.0012207
0.024414
0.050049
0.050659
0.047607
0.043945
0.043335
0.043335
0.037231
0.032959
0.033569
0.032349
0.032349
0.031128
0.030518
0.027466
0.0079346
-0.0067139
-0.0054932
-0.0061035
-0.0061035
-0.0048828
-0.0054932
-0.0061035
-0.0054932
-0.0036621
-0.0036621
-0.0048828
-0.0048828
-0.0048828
-0.0036621
0.0012207
0.0042725
0.0036621
0.0042725
0.0048828
0.0042725
0.0036621
0.0030518
0.0036621
0.0042725
0.0030518
0.0024414
0.0024414
0.0024414
0.0024414
-0.0030518
-0.0097656
-0.010986
-0.0097656
-0.0097656
-0.010376
-0.0085449
-0.0091553
-0.0097656
-0.0073242
-0.0079346
-0.0079346
-0.0054932
-0.0061035
-0.0067139
0.0012207
0.0091553
0.010986
0.011597
0.0097656
0.0085449
0.0067139
0.010376
0.0097656
0.0054932
0.0067139
0.0061035
0.0048828
0.0048828
0.0061035
-0.05188
-0.095215
-0.079346
-0.072632
-0.067749
-0.061035
-0.059204
-0.056763
-0.053711
-0.05127
-0.045776
-0.047607
-0.040283
-0.037842
-0.036011
0.036011
0.078735
0.054321
0.050659
0.046387
0.043335
0.042114
0.039673
0.037231
0.0354
0.032349
0.030518
0.029907
0.029297
0.027466
0.0085449
-0.0079346
-0.0067139
-0.0073242
-0.0054932
-0.0036621
-0.0042725
-0.0097656
-0.010376
-0.0054932
-0.0036621
-0.0061035
-0.0054932
-0.0036621
-0.0036621
0.01709
0.039062
0.042725
0.039673
0.037842
0.036621
0.033569
0.031738
0.029907
0.028076
0.027466
0.026245
0.024414
0.022583
0.021973
0.013428
0.0012207
-0.00061035
0.00061035
-0.00061035
-0.00061035
0
0
0.00061035
0.00061035
-0.00061035
-0.0012207
-0.00061035
0
0
0.0042725
0.011597
0.013428
0.012817
0.012207
0.010986
0.010986
0.0097656
0.0097656
0.011597
0.0097656
0.0079346
0.0097656
0.0091553
0.0073242
0.0018311
-0.0054932
-0.0085449
-0.0085449
-0.0079346
-0.0073242
-0.0067139
-0.0067139
-0.0067139
-0.0061035
-0.0048828
-0.0061035
-0.0067139
-0.0054932
-0.0042725
-0.0085449
-0.012207
-0.012207
-0.013428
-0.012207
-0.011597
-0.011597
-0.010376
-0.010986
-0.0097656
-0.0085449
-0.0091553
-0.0085449
-0.0091553
-0.0097656
-0.0067139
-0.0036621
-0.0036621
-0.0036621
-0.0030518
-0.0030518
-0.0030518
-0.0030518
-0.0036621
-0.0036621
-0.0030518
-0.0018311
-0.0024414
-0.0036621
-0.0030518
-0.0012207
0
-0.0018311
-0.0024414
-0.00061035
-0.0012207
-0.0018311
0.00061035
0.00061035
-0.0018311
-0.0018311
-0.0018311
-0.0024414
-0.0012207
-0.00061035
-0.054932
-0.093384
-0.077515
-0.074463
-0.06958
-0.065918
-0.062256
-0.058594
-0.054321
-0.050049
-0.047607
-0.045776
-0.042725
-0.038452
-0.036621
0.0177
0.046997
0.021362
0.020752
0.019531
0.015869
0.014038
0.014038
0.013428
0.012207
0.011597
0.010986
0.0091553
0.0091553
0.0097656
0.012207
0.014038
0.013428
0.012817
0.011597
0.010376
0.010376
0.010376
0.010986
0.0097656
0.0079346
0.0085449
0.0073242
0.0061035
0.0067139
-0.0012207
-0.0085449
-0.0067139
-0.0054932
-0.0048828
-0.0048828
-0.0042725
-0.0042725
-0.0042725
-0.0036621
-0.0036621
-0.0036621
-0.0030518
-0.0030518
-0.0030518
0.0054932
0.012207
0.0091553
0.0079346
0.0091553
0.0097656
0.0073242
0.0061035
0.0079346
0.0067139
0.0054932
0.0067139
0.0054932
0.0042725
0.0048828
0.019531
0.03418
0.032959
0.031738
0.032349
0.031738
0.028076
0.026855
0.026245
0.025024
0.023804
0.021973
0.021973
0.021362
0.020142
0.0024414
-0.013428
-0.014038
-0.019531
-0.015869
-0.013428
-0.016479
-0.013428
-0.012207
-0.012817
-0.010986
-0.0091553
-0.010376
-0.0073242
-0.0073242
-0.010986
-0.0018311
0.0042725
0.0024414
0.0024414
0.0024414
0.0042725
0.0024414
0.0012207
0.0048828
0.0042725
0.00061035
0.0018311
0.0024414
0.0012207
0.015259
0.026855
0.024414
0.024414
0.023193
0.022583
0.021362
0.018921
0.0177
0.01709
0.01709
0.015259
0.015869
0.01709
0.013428
0.010986
0.0097656
0.0091553
0.0091553
0.0097656
0.0091553
0.0067139
0.0079346
0.0091553
0.0073242
0.0061035
0.0079346
0.0073242
0.0061035
0.0067139
0.012817
0.021362
0.023193
0.022583
0.021362
0.020752
0.020752
0.020142
0.018921
0.01709
0.016479
0.015259
0.014038
0.013428
0.014038
0.0018311
-0.01709
-0.023804
-0.026855
-0.027466
-0.026855
-0.026855
-0.024414
-0.023193
-0.023804
-0.022583
-0.021973
-0.023804
-0.022583
-0.018921
-0.014648
-0.0097656
-0.0091553
-0.0079346
-0.0073242
-0.0073242
-0.0042725
-0.0061035
-0.0079346
-0.0061035
-0.0061035
-0.0054932
-0.0061035
-0.0067139
-0.0054932
0.019531
0.042725
0.039673
0.037231
0.0354
0.033569
0.033569
0.032959
0.030518
0.030518
0.028076
0.025024
0.025024
0.023804
0.023804
0.0042725
-0.024414
-0.03418
-0.0354
-0.037231
-0.039062
-0.036621
-0.0354
-0.036621
-0.036011
-0.03418
-0.031738
-0.030518
-0.030518
-0.029907
-0.03479
-0.037842
-0.03418
-0.033569
-0.031738
-0.029297
-0.028687
-0.026855
-0.026855
-0.023804
-0.021362
-0.023193
-0.020752
-0.018921
-0.019531
-0.01709
-0.014648
-0.01709
-0.015869
-0.012207
-0.013428
-0.012207
-0.010986
-0.010986
-0.0097656
-0.0097656
-0.0085449
-0.0085449
-0.0085449
-0.0079346
0.018921
0.045166
0.043335
0.042114
0.038452
0.0354
0.03418
0.031738
0.029907
0.029297
0.028076
0.025635
0.025635
0.025635
0.024414
-0.0030518
-0.030518
-0.029297
-0.027466
-0.025635
-0.025024
-0.022583
-0.021973
-0.021973
-0.020752
-0.019531
-0.018311
-0.01709
-0.015259
-0.014648
0.012817
0.040283
0.040894
0.039062
0.036011
0.03418
0.033569
0.031738
0.030518
0.030518
0.028687
0.026245
0.024414
0.024414
0.023804
0.028076
0.036621
0.039673
0.038452
0.0354
0.032959
0.031738
0.031738
0.030518
0.027466
0.025635
0.024414
0.025635
0.026245
0.021973
0.0085449
-0.0085449
-0.015259
-0.018311
-0.021973
-0.021973
-0.020752
-0.020142
-0.018311
-0.0177
-0.018921
-0.018311
-0.015259
-0.015259
-0.015259
-0.062866
-0.098877
-0.083008
-0.073242
-0.073242
-0.071411
-0.068359
-0.064087
-0.061035
-0.057983
-0.053711
-0.054321
-0.049438
-0.047607
-0.042114
0.0085449
0.038452
0.020752
0.018311
0.01709
0.016479
0.016479
0.015869
0.014038
0.013428
0.012207
0.013428
0.012207
0.0097656
0.0097656
0.027466
0.044556
0.042725
0.042114
0.039062
0.036621
0.036011
0.03418
0.032349
0.031128
0.030518
0.028687
0.026855
0.025635
0.025635
0.024414
0.023193
0.023193
0.021973
0.020752
0.020752
0.018921
0.018921
0.018311
0.016479
0.01709
0.016479
0.015869
0.014648
0.014038
0.015259
0.014648
0.013428
0.011597
0.010376
0.011597
0.010986
0.0097656
0.0097656
0.0091553
0.0097656
0.0091553
0.0085449
0.0085449
0.0079346
-0.0054932
-0.023804
-0.029907
-0.031738
-0.031738
-0.031738
-0.032349
-0.029907
-0.028687
-0.029907
-0.027466
-0.026245
-0.026855
-0.025635
-0.022583
-0.01709
-0.012817
-0.012207
-0.011597
-0.010986
-0.010986
-0.0097656
-0.0097656
-0.010376
-0.0073242
-0.0079346
-0.0091553
-0.0073242
-0.0073242
-0.0073242
-0.018311
-0.029297
-0.028687
-0.028687
-0.029297
-0.027466
-0.023193
-0.021362
-0.022583
-0.021973
-0.020142
-0.018311
-0.018311
-0.018921
-0.016479
0.0024414
0.018311
0.0177
0.016479
0.014648
0.014648
0.015869
0.015869
0.012207
0.011597
0.011597
0.010986
0.011597
0.0097656
0.0097656
0.0067139
0.0042725
0.0061035
0.0048828
0.0061035
0.0061035
0.0036621
0.0036621
0.0042725
0.0030518
0.0042725
0.0054932
0.0036621
0.0030518
0.0030518
0.0042725
0.0048828
0.0042725
0.0042725
0.0036621
0.0030518
0.0048828
0.0042725
0.0018311
0.0030518
0.0030518
0.0036621
0.0036621
0.0030518
0.0024414
-0.046387
-0.081787
-0.070801
-0.073242
-0.063477
-0.053711
-0.057983
-0.05249
-0.048218
-0.05127
-0.041504
-0.031738
-0.0354
-0.042114
-0.03479
0.031128
0.064697
0.041504
0.038452
0.0354
0.032959
0.029907
0.028687
0.028687
0.026245
0.025024
0.023804
0.021362
0.020752
0.020142
0.021362
0.023804
0.024414
0.023193
0.021362
0.020752
0.0177
0.01709
0.018311
0.015869
0.014648
0.014648
0.012817
0.011597
0.012207
-0.0061035
-0.025635
-0.023804
-0.023193
-0.023193
-0.020752
-0.021362
-0.018921
-0.0177
-0.018311
-0.016479
-0.015869
-0.014648
-0.013428
-0.012817
0.016479
0.046387
0.046387
0.042725
0.040894
0.039673
0.037842
0.037231
0.03479
0.032349
0.031128
0.029907
0.028687
0.025024
0.023804
0.021362
0.015259
0.013428
0.013428
0.013428
0.012207
0.010986
0.010986
0.010376
0.010376
0.0091553
0.0085449
0.0097656
0.0097656
0.0085449
0.013428
0.021973
0.023804
0.023804
0.021973
0.020142
0.020142
0.020142
0.021362
0.021362
0.020752
0.018311
0.0177
0.018921
0.018921
0.0036621
-0.019531
-0.028076
-0.028687
-0.028687
-0.029907
-0.029297
-0.028076
-0.027466
-0.026855
-0.026245
-0.025024
-0.025024
-0.024414
-0.022583
-0.078735
-0.1178
-0.098877
-0.092773
-0.088501
-0.084229
-0.077515
-0.075073
-0.07019
-0.067749
-0.062866
-0.057983
-0.054321
-0.048828
-0.048218
0.025635
0.074463
0.047607
0.043335
0.041504
0.1178
0.045776
-0.047607
0.018921
0.028687
0.028076
0.026855
0.024414
0.023193
0.020752
-0.0073242
-0.031128
-0.028076
-0.026855
-0.024414
-0.023193
-0.022583
-0.021362
-0.020142
-0.018311
-0.016479
-0.015869
-0.014038
-0.013428
-0.014038
-0.054321
-0.073242
-0.043335
-0.042114
-0.045776
-0.033569
-0.026245
-0.031128
-0.026855
-0.0177
-0.019531
-0.0097656
0.0042725
0.0024414
-0.0018311
0.057373
0.1001
0.078735
0.072021
0.065308
0.059204
0.054932
0.05249
0.050049
0.046387
0.043335
0.040894
0.038452
0.037842
0.03479
0.028076
0.024414
0.023193
0.021362
0.020752
0.018311
0.018921
0.018921
0.01709
0.01709
0.015259
0.016479
0.015259
0.012817
0.012207
0.00061035
-0.0097656
-0.010376
-0.011597
-0.010376
-0.0091553
-0.0091553
-0.0079346
-0.0073242
-0.0073242
-0.0085449
-0.0079346
-0.0061035
-0.0061035
-0.0061035
0.018311
0.043335
0.042114
0.039673
0.036011
0.032959
0.032349
0.031738
0.030518
0.028687
0.028076
0.026245
0.025024
0.024414
0.024414
0.018311
0.0067139
0.0024414
0.00061035
-0.0012207
-0.00061035
0
0
0
0
-0.00061035
-0.00061035
0
-0.00061035
-0.00061035
0.0012207
0.0030518
0.0042725
0.0048828
0.0048828
0.0054932
0.0042725
0.0036621
0.0042725
0.0042725
0.0042725
0.0042725
0.0036621
0.0024414
0.0030518
-0.0061035
-0.019531
-0.024414
-0.025635
-0.025635
-0.025024
-0.024414
-0.023193
-0.022583
-0.021362
-0.020142
-0.020142
-0.020142
-0.020142
-0.018921
0.0018311
0.021973
0.020142
0.018921
0.018311
0.0177
0.0177
0.016479
0.015869
0.015869
0.015259
0.014038
0.014038
0.012817
0.012817
0.01709
0.020752
0.021362
0.020752
0.021362
0.022583
0.022583
0.021973
0.022583
0.023193
0.021362
0.020752
0.021973
0.019531
0.018311
-0.0030518
-0.033569
-0.041504
-0.039673
-0.039673
-0.041504
-0.039062
-0.036011
-0.036621
-0.037842
-0.036621
-0.03479
-0.033569
-0.032959
-0.030518
-0.0012207
0.031128
0.03418
0.029907
0.028076
0.026855
0.026245
0.027466
0.025024
0.023193
0.023193
0.020752
0.020142
0.019531
0.018311
-0.0079346
-0.039673
-0.046997
-0.047607
-0.049438
-0.05127
-0.048828
-0.047607
-0.046387
-0.042725
-0.042114
-0.041504
-0.038452
-0.037231
-0.036011
-0.070801
-0.084839
-0.060425
-0.059204
-0.059814
-0.050659
-0.050049
-0.053101
-0.043945
-0.045166
-0.038452
-0.036621
-0.0354
-0.029297
-0.029907
0.037231
0.079346
0.056763
0.05127
0.047607
0.044556
0.042725
0.040894
0.037231
0.03479
0.032959
0.031128
0.030518
0.028687
0.026245
0.027466
0.028687
0.026855
0.025635
0.025024
0.025024
0.023193
0.021362
0.020752
0.018921
0.0177
0.018921
0.018921
0.016479
0.014648
0.022583
0.031128
0.030518
0.029297
0.028076
0.026855
0.026245
0.026855
0.024414
0.023804
0.023193
0.021362
0.019531
0.0177
0.018311
0.016479
0.012817
0.010986
0.010376
0.0097656
0.0097656
0.0097656
0.0097656
0.0097656
0.0097656
0.010376
0.010986
0.010376
0.0085449
0.0085449
0.012817
0.016479
0.0177
0.015259
0.012207
0.014648
0.014038
0.013428
0.015259
0.013428
0.013428
0.013428
0.010986
0.012207
0.011597
0.00061035
-0.0097656
-0.013428
-0.014038
-0.014038
-0.013428
-0.012817
-0.012817
-0.011597
-0.011597
-0.012207
-0.012207
-0.010376
-0.0097656
-0.0091553
-0.039062
-0.067749
-0.065308
-0.06958
-0.070801
-0.066528
-0.063477
-0.061646
-0.058594
-0.056152
-0.054321
-0.05188
-0.05127
-0.047607
-0.043945
-0.0036621
0.0354
0.033569
0.031128
0.028687
0.028076
0.026855
0.025024
0.023193
0.023193
0.023804
0.020752
0.018921
0.019531
0.019531
0.0061035
-0.0091553
-0.0097656
-0.0085449
-0.0085449
-0.0067139
-0.0067139
-0.0073242
-0.0054932
-0.0048828
-0.0048828
-0.0054932
-0.0054932
-0.0036621
-0.0048828
0.014038
0.03479
0.03418
0.032959
0.031128
0.029297
0.026245
0.024414
0.024414
0.023804
0.023193
0.022583
0.021973
0.019531
0.0177
-0.01709
-0.054932
-0.062256
-0.065918
-0.062866
-0.059814
-0.056152
-0.054321
-0.053101
-0.05127
-0.049438
-0.046387
-0.044556
-0.041504
-0.038452
-0.016479
0.0036621
-0.00061035
0.0012207
0.0036621
-0.00061035
0
0.0018311
0
0.0012207
0.0024414
-0.00061035
-0.0018311
0.0024414
0.0024414
-0.0073242
-0.014038
-0.014038
-0.011597
-0.010376
-0.012207
-0.010376
-0.0091553
-0.010376
-0.0085449
-0.0085449
-0.0091553
-0.0079346
-0.0079346
-0.0067139
-0.0018311
0.0018311
0.0012207
0.00061035
0.0012207
0.0012207
0.0018311
0
-0.00061035
0
0
0.00061035
0.0018311
0.0012207
0
-0.021362
-0.037231
-0.029907
-0.028687
-0.027466
-0.025635
-0.023804
-0.023193
-0.021362
-0.018921
-0.0177
-0.01709
-0.015869
-0.013428
-0.012817
0.020142
0.049438
0.045166
0.042114
0.038452
0.036011
0.033569
0.031738
0.030518
0.028687
0.026855
0.024414
0.021362
0.021973
0.022583
-0.036621
-0.079956
-0.066528
-0.061646
-0.050659
-0.045776
-0.047607
-0.049438
-0.045166
-0.037842
-0.032349
-0.029907
-0.028076
-0.025024
-0.022583
0.015259
0.032349
0.010986
0.0097656
0.0097656
0.0085449
0.0073242
0.0061035
0.0048828
0.0048828
0.0054932
0.0067139
0.0048828
0.0024414
0.0030518
0.041504
0.081787
0.080566
0.075684
0.070801
0.065918
0.062256
0.058594
0.055542
0.05188
0.049438
0.048828
0.046387
0.043945
0.042725
0.015869
-0.014038
-0.01709
-0.014038
-0.014038
-0.015869
-0.013428
-0.012817
-0.014038
-0.011597
-0.011597
-0.011597
-0.010376
-0.011597
-0.0097656
0.014648
0.037842
0.037842
0.0354
0.03418
0.031738
0.028687
0.028687
0.028687
0.026245
0.024414
0.023804
0.022583
0.021362
0.021362
0.0073242
-0.010376
-0.014648
-0.015259
-0.015259
-0.014648
-0.012817
-0.012207
-0.014038
-0.013428
-0.011597
-0.012207
-0.011597
-0.0097656
-0.0097656
-0.037842
-0.062866
-0.058594
-0.056152
-0.055542
-0.053101
-0.048828
-0.045166
-0.043945
-0.042725
-0.040283
-0.037842
-0.0354
-0.03418
-0.033569
-0.020752
-0.0091553
-0.010986
-0.0097656
-0.0091553
-0.0091553
-0.0079346
-0.0085449
-0.0073242
-0.0067139
-0.0067139
-0.0054932
-0.0061035
-0.0054932
-0.0030518
0.0067139
0.014038
0.012207
0.012207
0.012207
0.010986
0.0097656
0.0079346
0.0079346
0.0085449
0.0073242
0.0067139
0.0061035
0.0061035
0.0061035
0.028076
0.05188
0.05249
0.047607
0.043945
0.042725
0.040283
0.038452
0.036011
0.03418
0.03418
0.032959
0.030518
0.029907
0.028076
-0.045166
-0.099487
-0.080566
-0.076904
-0.074463
-0.07019
-0.067139
-0.065308
-0.060425
-0.054321
-0.046997
-0.047607
-0.048828
-0.037231
-0.03418
0.0177
0.05188
0.028687
0.025635
0.023193
0.021973
0.019531
0.018921
0.018921
0.016479
0.015259
0.014648
0.012817
0.011597
0.011597
0.037842
0.066528
0.066528
0.060425
0.057983
0.055542
0.05249
0.05188
0.048828
0.046387
0.043335
0.040283
0.037842
0.0354
0.03418
0.023193
0.011597
0.0085449
0.0073242
0.0061035
0.0061035
0.0061035
0.0054932
0.0054932
0.0054932
0.0054932
0.0042725
0.0036621
0.0042725
0.0048828
0.010986
0.018311
0.020142
0.020752
0.020142
0.020142
0.018921
0.016479
0.016479
0.015259
0.014648
0.015259
0.014648
0.014648
0.012817
-0.038452
-0.089722
-0.08667
-0.08606
-0.08667
-0.079346
-0.078735
-0.075073
-0.071411
-0.07019
-0.061646
-0.054932
-0.056152
-0.059204
-0.054932
-0.050049
-0.05127
-0.050049
-0.046387
-0.045166
-0.039673
-0.036621
-0.03418
-0.028076
-0.027466
-0.021362
-0.019531
-0.022583
-0.014038
-0.014038
0.05188
0.10071
0.075073
0.068359
0.062256
0.057373
0.053101
0.05127
0.048218
0.044556
0.042114
0.039062
0.036621
0.036011
0.03418
0.039062
0.046387
0.046997
0.046387
0.043335
0.040283
0.039673
0.036621
0.032959
0.032959
0.031738
0.030518
0.029907
0.026855
0.025024
-0.041504
-0.098877
-0.089111
-0.084229
-0.083008
-0.081177
-0.073242
-0.070801
-0.064697
-0.062866
-0.063477
-0.061035
-0.057983
-0.048218
-0.045776
-0.0030518
0.022583
0.0012207
0.0012207
0.0024414
0.00061035
0.00061035
0.0012207
0.00061035
0.0018311
0.00061035
-0.00061035
0.0012207
0.00061035
-0.00061035
-0.070801
-0.098877
-0.053711
-0.048828
-0.043945
-0.039673
-0.03479
-0.028687
-0.020142
-0.0073242
0
0
-0.00061035
-0.00061035
0
0.047607
0.055542
0.01709
0.0177
0.015869
0.014038
0.013428
0.012207
0.010376
0.0091553
0.0091553
0.0085449
0.0067139
0.0061035
0.0061035
0.025635
0.040283
0.0354
0.033569
0.030518
0.028076
0.025635
0.024414
0.023193
0.020142
0.018921
0.019531
0.018311
0.01709
0.016479
0.025635
0.0354
0.03479
0.031738
0.029297
0.028076
0.027466
0.026855
0.025024
0.023804
0.021973
0.021362
0.020752
0.020142
0.019531
-0.0024414
-0.022583
-0.022583
-0.023193
-0.021973
-0.020142
-0.018921
-0.0177
-0.01709
-0.01709
-0.015869
-0.015259
-0.015259
-0.012817
-0.012817
-0.062866
-0.087891
-0.061646
-0.057983
-0.057983
-0.05127
-0.044556
-0.046387
-0.043335
-0.036011
-0.03418
-0.031128
-0.025024
-0.023193
-0.024414
0.05188
0.10254
0.073242
0.066528
0.061035
0.057373
0.05249
0.050049
0.048218
0.044556
0.042114
0.039062
0.036011
0.03479
0.033569
0.0097656
-0.015259
-0.015869
-0.014648
-0.014038
-0.013428
-0.013428
-0.012207
-0.011597
-0.011597
-0.0097656
-0.0085449
-0.0085449
-0.0085449
-0.0085449
-0.028076
-0.040894
-0.032959
-0.032349
-0.029907
-0.026855
-0.026855
-0.023193
-0.022583
-0.021973
-0.018921
-0.019531
-0.01709
-0.015259
-0.014648
-0.03479
-0.042725
-0.029907
-0.028076
-0.022583
-0.018921
-0.019531
-0.019531
-0.011597
-0.0061035
-0.0067139
-0.0067139
-0.0097656
-0.015259
-0.0048828
-0.0091553
-0.014038
0.0036621
-0.0018311
0.00061035
0.0012207
-0.0030518
0.0030518
-0.0018311
0.0018311
-0.0018311
-0.0012207
0.0030518
-0.0024414
0.0030518
0.039673
0.05249
0.029907
0.025635
0.022583
0.020142
0.018311
0.015259
0.014038
0.013428
0.012207
0.011597
0.0097656
0.0085449
0.0091553
0.036011
0.063477
0.061646
0.056152
0.053711
0.050659
0.047607
0.045166
0.041504
0.040283
0.037842
0.0354
0.03479
0.031738
0.030518
-0.045776
-0.10376
-0.078735
-0.076904
-0.076904
-0.06958
-0.068359
-0.062256
-0.057983
-0.05249
-0.048828
-0.045166
-0.041504
-0.037231
-0.031738
0.050659
0.11902
0.093384
0.083618
0.078735
0.075073
0.070801
0.065308
0.061646
0.058594
0.055542
0.05249
0.050049
0.047607
0.044556
0.0036621
-0.042725
-0.048218
-0.046387
-0.043945
-0.040283
-0.038452
-0.037231
-0.03479
-0.03418
-0.031128
-0.029297
-0.029907
-0.026855
-0.025635
-0.0091553
0.0061035
0.0030518
0.0024414
0.0030518
0.0024414
0.0012207
0.0024414
0.0024414
0.0012207
0.0018311
0.0018311
0.0018311
0.0024414
0.0012207
0.010376
0.021362
0.020142
0.019531
0.018921
0.015869
0.015259
0.015259
0.014038
0.013428
0.012817
0.011597
0.012207
0.011597
0.010376
0.020142
0.030518
0.029907
0.025635
0.023193
0.024414
0.024414
0.022583
0.021362
0.019531
0.0177
0.015869
0.01709
0.0177
0.016479
0.018311
0.020752
0.019531
0.018311
0.019531
0.019531
0.018921
0.01709
0.016479
0.015869
0.015259
0.015869
0.014648
0.013428
0.012817
0.0097656
0.0048828
0.0030518
0.0036621
0.0024414
0.0024414
0.0036621
0.0030518
0.0024414
0.0030518
0.0030518
0.0024414
0.0024414
0.0024414
0.0024414
-0.020752
-0.044556
-0.045776
-0.047607
-0.048218
-0.046387
-0.042725
-0.041504
-0.040894
-0.038452
-0.037231
-0.0354
-0.033569
-0.032349
-0.031128
-0.0042725
0.019531
0.016479
0.016479
0.014648
0.012817
0.013428
0.015869
0.014648
0.012207
0.011597
0.012207
0.012817
0.0097656
0.0097656
-0.015259
-0.041504
-0.041504
-0.038452
-0.03479
-0.03418
-0.032959
-0.031128
-0.030518
-0.028076
-0.025024
-0.025024
-0.024414
-0.022583
-0.021973
-0.0061035
0.0061035
0.0042725
0.0030518
0.0018311
0.0036621
0.0030518
0.0024414
0.0024414
0.0024414
0.0024414
0.0018311
0.0018311
0.0018311
0.0012207
0.00061035
0.0012207
0.0018311
0.0012207
0.0012207
0.00061035
0.0012207
0.0012207
0
0.00061035
0.00061035
0.00061035
0.0012207
0
0.00061035
-0.0030518
-0.0073242
-0.0061035
-0.0061035
-0.0061035
-0.0054932
-0.0042725
-0.0042725
-0.0042725
-0.0036621
-0.0036621
-0.0042725
-0.0036621
-0.0030518
-0.0036621
0.021362
0.047607
0.045776
0.042114
0.040894
0.039062
0.036621
0.0354
0.033569
0.032349
0.032349
0.029907
0.028687
0.026855
0.024414
0.0024414
-0.019531
-0.020752
-0.023804
-0.022583
-0.021362
-0.021973
-0.020142
-0.019531
-0.0177
-0.015869
-0.015869
-0.014648
-0.014038
-0.013428
0.0091553
0.032959
0.0354
0.033569
0.032959
0.032349
0.029297
0.028687
0.026855
0.024414
0.024414
0.021973
0.020752
0.020142
0.019531
0.0048828
-0.013428
-0.01709
-0.0177
-0.01709
-0.01709
-0.0177
-0.015869
-0.014648
-0.014038
-0.012207
-0.012817
-0.011597
-0.010986
-0.010986
-0.012817
-0.01709
-0.018921
-0.01709
-0.015259
-0.018311
-0.01709
-0.012817
-0.013428
-0.014038
-0.012817
-0.010986
-0.010376
-0.010376
-0.0097656
-0.014038
-0.018311
-0.016479
-0.015869
-0.015869
-0.013428
-0.012207
-0.012207
-0.010986
-0.010376
-0.010376
-0.010376
-0.010986
-0.010376
-0.0079346
-0.0073242
-0.0067139
-0.0061035
-0.0067139
-0.0054932
-0.0061035
-0.0054932
-0.0054932
-0.0042725
-0.0042725
-0.0048828
-0.0042725
-0.0036621
-0.0030518
-0.0036621
-0.021973
-0.0354
-0.028076
-0.025635
-0.024414
-0.023193
-0.021362
-0.020752
-0.018921
-0.015869
-0.015869
-0.015869
-0.012817
-0.011597
-0.012207
-0.046997
-0.062866
-0.040283
-0.029907
-0.025635
-0.028687
-0.021362
-0.0036621
0.0042725
0.0012207
-0.0012207
-0.0018311
-0.0024414
0.0012207
0.0036621
0.054321
0.088501
0.067139
0.061646
0.055542
0.05188
0.048218
0.043335
0.040894
0.039673
0.037842
0.036011
0.033569
0.031128
0.028076
-0.00061035
-0.025635
-0.025024
-0.023804
-0.022583
-0.021362
-0.019531
-0.019531
-0.0177
-0.015869
-0.016479
-0.014648
-0.012817
-0.012817
-0.011597
0.01709
0.043945
0.040894
0.037842
0.0354
0.033569
0.031128
0.028687
0.027466
0.025635
0.025024
0.024414
0.020142
0.020142
0.021973
-0.041504
-0.08728
-0.066528
-0.065308
-0.058594
-0.053101
-0.057373
-0.050659
-0.047607
-0.046387
-0.0354
-0.032959
-0.0354
-0.031128
-0.024414
0.037231
0.077515
0.056152
0.050659
0.046997
0.043945
0.040894
0.039062
0.037231
0.03479
0.032959
0.031738
0.028687
0.026245
0.025635
0.0354
0.047607
0.047607
0.045776
0.043335
0.041504
0.038452
0.0354
0.036011
0.033569
0.030518
0.029907
0.031128
0.029907
0.026855
-0.0354
-0.090332
-0.081787
-0.081787
-0.078735
-0.077515
-0.072021
-0.06958
-0.066528
-0.061646
-0.062256
-0.054932
-0.054321
-0.050049
-0.042725
0.037842
0.099487
0.078125
0.073242
0.06897
0.064697
0.061646
0.058594
0.054932
0.053711
0.05249
0.048218
0.043335
0.038452
0.036621
0.0030518
-0.0354
-0.042114
-0.042114
-0.040283
-0.041504
-0.040283
-0.036621
-0.033569
-0.032959
-0.031738
-0.029907
-0.029297
-0.027466
-0.025024
-0.0061035
0.012207
0.0097656
0.0079346
0.0097656
0.0097656
0.0073242
0.0073242
0.0085449
0.0073242
0.0067139
0.0067139
0.0067139
0.0054932
0.0048828
0.0054932
0.0073242
0.0079346
0.0079346
0.0067139
0.0036621
0.0067139
0.0073242
0.0042725
0.0036621
0.0042725
0.0042725
0.0042725
0.0042725
0.0042725
-0.0085449
-0.023193
-0.023804
-0.021362
-0.020142
-0.020752
-0.018921
-0.018921
-0.018311
-0.015259
-0.015259
-0.013428
-0.012817
-0.013428
-0.012817
-0.0030518
0.0054932
0.0036621
0.0036621
0.0024414
0.0018311
0.0036621
0.0030518
0.0018311
0.0030518
0.0024414
0.0012207
0.0012207
0.0018311
0.0024414
0.0030518
0.0085449
0.0097656
0.0079346
0.0097656
0.0091553
0.0079346
0.0073242
0.0067139
0.0073242
0.0079346
0.0061035
0.0067139
0.0067139
0.0042725
-0.048218
-0.081177
-0.057983
-0.056763
-0.061646
-0.054932
-0.046387
-0.048828
-0.043945
-0.03418
-0.032959
-0.03418
-0.029907
-0.022583
-0.021362
0.011597
0.026245
0.0073242
0.0091553
0.0079346
0.0054932
0.0061035
0.0067139
0.0048828
0.0036621
0.0042725
0.0042725
0.0030518
0.0024414
0.0030518
0.016479
0.026245
0.023193
0.021362
0.018921
0.0177
0.016479
0.015259
0.014648
0.013428
0.012207
0.012207
0.010986
0.0097656
0.0091553
0.026245
0.044556
0.043335
0.040894
0.037842
0.03479
0.032959
0.030518
0.029907
0.028687
0.026245
0.025024
0.023804
0.023804
0.022583
-0.0079346
-0.03479
-0.033569
-0.032959
-0.031128
-0.029297
-0.026855
-0.025024
-0.023804
-0.023193
-0.023193
-0.021973
-0.020752
-0.019531
-0.0177
-0.010986
-0.0036621
-0.0036621
-0.0048828
-0.0042725
-0.0036621
-0.0042725
-0.0036621
-0.0030518
-0.0036621
-0.0030518
-0.0030518
-0.0030518
-0.0024414
-0.0024414
0.0177
0.036011
0.031738
0.029297
0.027466
0.026245
0.023804
0.021362
0.021973
0.020142
0.020752
0.020142
0.016479
0.01709
0.016479
-0.05249
-0.099487
-0.078735
-0.075684
-0.06897
-0.061035
-0.060425
-0.059814
-0.054321
-0.047607
-0.040283
-0.036011
-0.036011
-0.03418
-0.029297
0.038452
0.078735
0.048828
0.043945
0.040283
0.036621
0.033569
0.031738
0.029297
0.026855
0.025635
0.023193
0.021362
0.020752
0.020752
0.039062
0.061035
0.062256
0.057373
0.054321
0.05249
0.048218
0.045166
0.043945
0.041504
0.039062
0.037842
0.036621
0.03418
0.031738
-0.0024414
-0.040283
-0.049438
-0.05188
-0.050049
-0.050049
-0.047607
-0.043945
-0.042114
-0.039673
-0.037231
-0.0354
-0.032959
-0.031738
-0.031738
0.012817
0.057373
0.056152
0.05249
0.049438
0.046997
0.044556
0.043945
0.041504
0.037231
0.033569
0.031738
0.030518
0.028687
0.028076
-0.028687
-0.079346
-0.075073
-0.070801
-0.068359
-0.065308
-0.061646
-0.064087
-0.055542
-0.053711
-0.054932
-0.048828
-0.046997
-0.039062
-0.037842
0.026855
0.078125
0.057373
0.053711
0.050049
0.046387
0.043335
0.041504
0.039673
0.037231
0.03479
0.033569
0.032349
0.032349
0.031738
0.032959
0.03418
0.031738
0.031128
0.029907
0.028076
0.028076
0.026245
0.025635
0.025024
0.022583
0.021973
0.021362
0.020752
0.020142
0.018921
0.015259
0.012817
0.011597
0.010376
0.011597
0.010986
0.010376
0.010376
0.0085449
0.0091553
0.010986
0.0097656
0.0085449
0.0085449
0.0079346
0.0091553
0.011597
0.010986
0.010376
0.010376
0.010376
0.011597
0.0097656
0.0091553
0.010376
0.0097656
0.0085449
0.0091553
0.0091553
-0.01709
-0.045776
-0.05127
-0.053101
-0.053711
-0.05249
-0.021362
-0.05249
-0.081177
-0.049438
-0.046997
-0.043945
-0.043335
-0.041504
-0.039673
-0.0354
-0.032959
-0.030518
-0.027466
-0.027466
-0.026245
-0.025024
-0.023193
-0.023193
-0.021973
-0.021362
-0.020142
-0.01709
-0.016479
-0.015259
0.0073242
0.025635
0.023193
0.023193
0.023193
0.023193
0.019531
0.018921
0.019531
0.01709
0.015259
0.015869
0.015259
0.015259
0.015259
-0.010986
-0.033569
-0.031738
-0.029297
-0.028076
-0.028076
-0.027466
-0.025635
-0.022583
-0.020752
-0.020142
-0.020752
-0.019531
-0.018311
-0.0177
-0.0091553
-0.0012207
-0.0030518
-0.0036621
-0.0030518
-0.0024414
-0.0024414
-0.0030518
-0.0018311
-0.0018311
-0.0024414
-0.0024414
-0.0018311
-0.0018311
-0.0018311
-0.040894
-0.063477
-0.041504
-0.040283
-0.037231
-0.027466
-0.031128
-0.030518
-0.025635
-0.023804
-0.016479
-0.021362
-0.020752
-0.014648
-0.013428
0.023804
0.037842
0.018311
0.016479
0.014038
0.014648
0.014038
0.0097656
0.0091553
0.0091553
0.0073242
0.0079346
0.0079346
0.0067139
0.0048828
0.014648
0.024414
0.021973
0.019531
0.0177
0.01709
0.016479
0.015259
0.013428
0.012817
0.012207
0.010986
0.010376
0.0097656
0.010376
-0.0054932
-0.020142
-0.01709
-0.015259
-0.014038
-0.011597
-0.011597
-0.012817
-0.011597
-0.010376
-0.0097656
-0.0091553
-0.0085449
-0.0079346
-0.0067139
0.033569
0.075073
0.075073
0.06958
0.062866
0.059204
0.057983
0.054932
0.05127
0.049438
0.048828
0.045166
0.041504
0.040283
0.036621
0.032959
0.031128
0.029297
0.027466
0.026855
0.025635
0.024414
0.022583
0.020752
0.020752
0.020752
0.020142
0.01709
0.015869
0.016479
0.013428
0.010376
0.010376
0.010986
0.010376
0.0097656
0.0085449
0.0085449
0.0085449
0.0085449
0.0085449
0.0073242
0.0085449
0.0085449
0.0073242
-0.0097656
-0.031128
-0.036621
-0.038452
-0.040283
-0.040283
-0.039062
-0.037231
-0.038452
-0.036621
-0.031738
-0.03418
-0.033569
-0.030518
-0.029297
-0.025024
-0.01709
-0.011597
-0.012207
-0.013428
-0.011597
-0.010986
-0.010376
-0.0097656
-0.0091553
-0.0097656
-0.010376
-0.0073242
-0.0073242
-0.0073242
0.0177
0.042114
0.040894
0.037231
0.036621
0.032959
0.028687
0.029907
0.028076
0.026245
0.026245
0.025024
0.023193
0.021973
0.021362
0.01709
0.011597
0.0073242
0.0061035
0.0061035
0.0048828
0.0061035
0.0054932
0.0030518
0.0036621
0.0042725
0.0036621
0.0036621
0.0042725
0.0048828
-0.025635
-0.059814
-0.062866
-0.063477
-0.064087
-0.061035
-0.057983
-0.056152
-0.055542
-0.053101
-0.048218
-0.046387
-0.045166
-0.042114
-0.039673
-0.021362
-0.0048828
-0.0073242
-0.0073242
-0.0067139
-0.0067139
-0.0061035
-0.0073242
-0.0067139
-0.0061035
-0.0054932
-0.0048828
-0.0048828
-0.0042725
-0.0042725
-0.045776
-0.068359
-0.048218
-0.043945
-0.039062
-0.036011
-0.03418
-0.031738
-0.031738
-0.025024
-0.025024
-0.023804
-0.01709
-0.020142
-0.014038
0.0354
0.061035
0.040894
0.037842
0.0354
0.032349
0.030518
0.028687
0.024414
0.021973
0.021973
0.020142
0.018921
0.018921
0.0177
0.039673
0.067139
0.06897
0.065918
0.062256
0.057983
0.056763
0.055542
0.050659
0.046387
0.043335
0.041504
0.039673
0.036011
0.0354
0.011597
-0.018311
-0.025635
-0.026855
-0.027466
-0.027466
-0.026245
-0.023804
-0.025024
-0.025635
-0.021973
-0.020752
-0.020752
-0.021973
-0.021362
-0.014648
-0.0048828
0
-0.0012207
-0.0018311
-0.0012207
-0.00061035
0
-0.0012207
-0.0012207
0
-0.0012207
-0.00061035
0.00061035
0
0.01709
0.032349
0.029907
0.027466
0.024414
0.025024
0.023804
0.020142
0.019531
0.019531
0.018921
0.018921
0.018311
0.01709
0.016479
0.0030518
-0.010376
-0.014038
-0.01709
-0.015259
-0.014648
-0.014648
-0.013428
-0.014038
-0.013428
-0.011597
-0.010376
-0.0097656
-0.010986
-0.010376
-0.012817
-0.0177
-0.01709
-0.015259
-0.014648
-0.015259
-0.015259
-0.015259
-0.013428
-0.012817
-0.013428
-0.012817
-0.011597
-0.010376
-0.0091553
-0.011597
-0.015869
-0.018921
-0.018921
-0.016479
-0.015869
-0.014648
-0.014648
-0.014038
-0.012817
-0.012817
-0.012207
-0.010376
-0.010376
-0.010376
-0.010376
-0.010376
-0.0091553
-0.0085449
-0.0097656
-0.0097656
-0.0091553
-0.0079346
-0.0067139
-0.0073242
-0.0061035
-0.0061035
-0.0067139
-0.0054932
-0.0054932
0.025635
0.061035
0.064087
0.061035
0.054321
0.050659
0.050659
0.048828
0.045166
0.039673
0.037842
0.036011
0.03418
0.033569
0.031738
-0.0018311
-0.040283
-0.047607
-0.050049
-0.048828
-0.047607
-0.046387
-0.043335
-0.040283
-0.038452
-0.037231
-0.0354
-0.032959
-0.031128
-0.029907
-0.058594
-0.068359
-0.05188
-0.045776
-0.040283
-0.040283
-0.040894
-0.037842
-0.030518
-0.026245
-0.025635
-0.028076
-0.025635
-0.021362
-0.014648
0.029907
0.053101
0.032959
0.028687
0.026855
0.025024
0.023804
0.023193
0.020142
0.019531
0.0177
0.015259
0.016479
0.014648
0.012817
0.037842
0.065918
0.067139
0.062256
0.059204
0.057373
0.053711
0.05127
0.050049
0.047607
0.041504
0.037842
0.036621
0.03479
0.03418
-0.03479
-0.10071
-0.091553
-0.088501
-0.084229
-0.077515
-0.079956
-0.072021
-0.065308
-0.06897
-0.062256
-0.05249
-0.054932
-0.05249
-0.042725
-0.023193
-0.015259
-0.015869
-0.015259
-0.014648
-0.011597
-0.014038
-0.0091553
-0.0097656
-0.0067139
-0.0073242
-0.0061035
-0.0061035
-0.0042725
-0.0018311
-0.018921
-0.025635
-0.0079346
0
-0.0042725
0.0012207
0
-0.0024414
0.00061035
0.0012207
-0.0024414
0
0.0024414
-0.0030518
0
0.049438
0.072021
0.048218
0.042725
0.039673
0.036621
0.033569
0.031738
0.029907
0.026855
0.023804
0.023193
0.021973
0.020142
0.018311
-0.0036621
-0.020142
-0.015869
-0.014648
-0.014648
-0.014038
-0.012817
-0.012207
-0.010986
-0.010986
-0.0097656
-0.0091553
-0.0085449
-0.0073242
-0.0079346
0.023804
0.053101
0.048828
0.045776
0.042725
0.040894
0.038452
0.036621
0.033569
0.030518
0.029907
0.029297
0.028076
0.024414
0.023804
-0.0036621
-0.029907
-0.026855
-0.027466
-0.026245
-0.022583
-0.021973
-0.021973
-0.020752
-0.020142
-0.018921
-0.016479
-0.016479
-0.01709
-0.015259
0.023193
0.062256
0.059814
0.056152
0.054932
0.05127
0.047607
0.045776
0.044556
0.040283
0.036621
0.036011
0.033569
0.031738
0.031128
-0.0061035
-0.046997
-0.054932
-0.056763
-0.054932
-0.053711
-0.050049
-0.047607
-0.045776
-0.043335
-0.040894
-0.037231
-0.036011
-0.0354
-0.032959
-0.0067139
0.016479
0.014038
0.012817
0.011597
0.010986
0.0097656
0.0097656
0.010376
0.0085449
0.0079346
0.0061035
0.0061035
0.0079346
0.0054932
0.025635
0.049438
0.048828
0.045166
0.043945
0.043945
0.042114
0.037231
0.033569
0.031128
0.030518
0.029907
0.027466
0.027466
0.026245
0.026245
0.028076
0.026855
0.025024
0.023804
0.022583
0.021973
0.023804
0.024414
0.023804
0.021973
0.020142
0.021973
0.021362
0.019531
-0.0024414
-0.030518
-0.036621
-0.037231
-0.036621
-0.038452
-0.040283
-0.036621
-0.033569
-0.03479
-0.03479
-0.033569
-0.032349
-0.027466
-0.028687
-0.026245
-0.01709
-0.014648
-0.014648
-0.013428
-0.013428
-0.014038
-0.010376
-0.0097656
-0.011597
-0.010986
-0.0097656
-0.0091553
-0.0085449
-0.0079346
-0.0061035
-0.0048828
-0.0036621
-0.0036621
-0.0048828
-0.0036621
-0.0036621
-0.0036621
-0.0024414
-0.0030518
-0.0024414
-0.0018311
-0.0030518
-0.0024414
-0.0018311
0.018311
0.037842
0.036621
0.0354
0.03479
0.032959
0.029297
0.028076
0.026245
0.023193
0.023193
0.022583
0.022583
0.022583
0.019531
0.018921
0.020142
0.018921
0.018311
0.0177
0.016479
0.016479
0.015869
0.014648
0.015869
0.013428
0.010376
0.010986
0.011597
0.012207
0
-0.014648
-0.018921
-0.022583
-0.025024
-0.025024
-0.023804
-0.021973
-0.021362
-0.020752
-0.020752
-0.019531
-0.018921
-0.019531
-0.0177
-0.0048828
0.0073242
0.0085449
0.0091553
0.0067139
0.0073242
0.0091553
0.0079346
0.0073242
0.0073242
0.0061035
0.0061035
0.0073242
0.0054932
0.0042725
0.00061035
-0.0048828
-0.0067139
-0.0067139
-0.0067139
-0.0048828
-0.0048828
-0.0073242
-0.0061035
-0.0054932
-0.0048828
-0.0054932
-0.0048828
-0.0042725
-0.0042725
-0.0018311
-0.00061035
-0.00061035
0
0
0
0.00061035
0.00061035
0
0
0.00061035
-0.00061035
-0.0012207
0
0.0012207
0.0030518
0.0067139
0.0079346
0.0061035
0.0061035
0.0067139
0.0061035
0.0061035
0.0061035
0.0048828
0.0048828
0.0048828
0.0048828
0.0054932
0.0042725
-0.027466
-0.059204
-0.060425
-0.061035
-0.058594
-0.054932
-0.053101
-0.050659
-0.048218
-0.046387
-0.044556
-0.041504
-0.037231
-0.036621
-0.036011
0
0.029297
0.024414
0.024414
0.023193
0.020142
0.020752
0.020752
0.019531
0.018311
0.015869
0.01709
0.015869
0.013428
0.013428
0.020142
0.026855
0.026855
0.026245
0.025024
0.022583
0.021362
0.021362
0.018921
0.01709
0.018311
0.0177
0.014648
0.014038
0.013428
-0.049438
-0.10437
-0.096436
-0.08606
-0.077515
-0.077515
-0.074463
-0.072632
-0.06897
-0.060425
-0.054321
-0.05249
-0.048218
-0.045776
-0.044556
0.030518
0.077515
0.050049
0.046387
0.043335
0.039673
0.037842
0.036621
0.033569
0.031738
0.12817
0.036621
-0.071411
0.015869
0.022583
-0.0030518
-0.026245
-0.023193
-0.021362
-0.021362
-0.021362
-0.019531
-0.016479
-0.01709
-0.018311
-0.015869
-0.014038
-0.013428
-0.012817
-0.012207
0.01709
0.042725
0.037842
0.0354
0.033569
0.031738
0.028687
0.026855
0.026855
0.025635
0.023804
0.022583
0.021362
0.022583
0.019531
0.01709
0.0177
0.014648
0.014038
0.015259
0.015259
0.012207
0.011597
0.014038
0.011597
0.0085449
0.0097656
0.010376
0.0097656
0.0085449
0.016479
0.027466
0.027466
0.025024
0.024414
0.024414
0.023804
0.021973
0.020752
0.020752
0.019531
0.018311
0.0177
0.01709
0.016479
-0.043945
-0.099487
-0.093384
-0.092163
-0.092773
-0.08667
-0.084229
-0.081177
-0.068359
-0.071411
-0.073242
-0.062866
-0.057373
-0.054932
-0.056152
-0.0018311
0.028687
0.0042725
0.0042725
0.0042725
0.0036621
0.0024414
0.0030518
0.0030518
0.0018311
0.0012207
0.0018311
0.0024414
0.0024414
0.0030518
0.03418
0.065918
0.065308
0.062256
0.058594
0.054321
0.05188
0.049438
0.045776
0.043945
0.042725
0.040283
0.040283
0.037231
0.032959
0.033569
0.03418
0.032349
0.030518
0.029907
0.029297
0.028076
0.025635
0.024414
0.023193
0.021362
0.020752
0.021362
0.023193
0.021973
0.015869
0.013428
0.011597
0.010986
0.012207
0.011597
0.011597
0.010376
0.0091553
0.0079346
0.0085449
0.0085449
0.0079346
0.0079346
0.0085449
0.0073242
0.0048828
0.0042725
0.0030518
0.0024414
0.0030518
0.0036621
0.0030518
0.0030518
0.0030518
0.0024414
0.0024414
0.0024414
0.0024414
0.0024414
-0.055542
-0.097046
-0.093384
-0.10315
-0.097046
-0.096436
-0.089722
-0.08728
-0.087891
-0.077515
-0.075073
-0.072021
-0.070801
-0.063477
-0.061035
0.012817
0.071411
0.045166
0.041504
0.039673
0.036621
0.032959
0.031738
0.031738
0.030518
0.027466
0.025635
0.025635
0.024414
0.023804
0.0091553
-0.0079346
-0.0079346
-0.0048828
-0.0054932
-0.0073242
-0.0054932
-0.0042725
-0.0036621
-0.0036621
-0.0048828
-0.0036621
-0.0030518
-0.0042725
-0.0036621
-0.015259
-0.026245
-0.021973
-0.021973
-0.023804
-0.021362
-0.020142
-0.019531
-0.018311
-0.01709
-0.015259
-0.014038
-0.014648
-0.015259
-0.014038
-0.0048828
0.0024414
0.00061035
-0.00061035
-0.00061035
0
-0.00061035
0.00061035
0.0012207
-0.00061035
-0.0012207
-0.00061035
0
0
0
0.029297
0.062256
0.065918
0.063477
0.060425
0.057983
0.055542
0.05188
0.047607
0.045166
0.042725
0.040283
0.037842
0.036621
0.03479
-0.025635
-0.082397
-0.075684
-0.073853
-0.07019
-0.072632
-0.073853
-0.064697
-0.059814
-0.053711
-0.054932
-0.054321
-0.053711
-0.048218
-0.043945
0.026855
0.083008
0.059814
0.055542
0.05188
0.048218
0.046997
0.043945
0.042114
0.040283
0.037842
0.037842
0.036011
0.032959
0.030518
-0.0024414
-0.036621
-0.037842
-0.0354
-0.0354
-0.03418
-0.029907
-0.029907
-0.028687
-0.026245
-0.026245
-0.025635
-0.025024
-0.022583
-0.020752
-0.00061035
0.016479
0.015259
0.015259
0.012817
0.011597
0.014038
0.013428
0.010376
0.012817
0.012207
0.0097656
0.0085449
0.0073242
0.0085449
-0.01709
-0.040283
-0.038452
-0.037842
-0.03418
-0.032349
-0.031738
-0.031128
-0.028076
-0.026855
-0.026245
-0.023804
-0.021973
-0.020142
-0.019531
0.010376
0.036011
0.030518
0.029907
0.029297
0.026245
0.024414
0.022583
0.022583
0.021362
0.018311
0.018921
0.0177
0.016479
0.014648
0.020142
0.023804
0.019531
0.020752
0.020142
0.018311
0.0177
0.015259
0.015259
0.015869
0.015259
0.013428
0.012817
0.012817
0.012817
-0.0048828
-0.021973
-0.020752
-0.023193
-0.021973
-0.019531
-0.019531
-0.018311
-0.01709
-0.01709
-0.014648
-0.014648
-0.015259
-0.013428
-0.013428
0.014648
0.042114
0.041504
0.040283
0.037842
0.037231
0.03479
0.031738
0.031128
0.029297
0.028076
0.026245
0.025024
0.025635
0.023804
0.0054932
-0.015869
-0.018921
-0.018311
-0.019531
-0.0177
-0.01709
-0.019531
-0.018921
-0.015259
-0.014038
-0.015259
-0.014648
-0.013428
-0.013428
0.014038
0.043945
0.043945
0.037842
0.03479
0.0354
0.03418
0.032959
0.031128
0.029297
0.028076
0.025635
0.025024
0.027466
0.028687
-0.0042725
-0.039062
-0.045776
-0.050049
-0.050659
-0.05249
-0.05188
-0.048218
-0.046387
-0.045166
-0.043335
-0.042114
-0.041504
-0.037842
-0.03479
0.0024414
0.039673
0.037842
0.036011
0.03479
0.033569
0.031738
0.029297
0.028687
0.026855
0.022583
0.021362
0.021973
0.021362
0.020142
0.018921
0.0177
0.016479
0.015259
0.015869
0.015259
0.013428
0.013428
0.012817
0.011597
0.011597
0.011597
0.010986
0.010986
0.0097656
-0.015259
-0.044556
-0.050049
-0.05188
-0.053711
-0.053711
-0.050049
-0.048828
-0.047607
-0.044556
-0.043945
-0.041504
-0.039062
-0.037842
-0.03479
-0.018311
-0.0079346
-0.010986
-0.010376
-0.0079346
-0.0085449
-0.0085449
-0.0073242
-0.0073242
-0.0054932
-0.0067139
-0.0073242
-0.0061035
-0.0048828
-0.0054932
-0.0073242
-0.0079346
-0.0085449
-0.0085449
-0.0085449
-0.0073242
-0.0061035
-0.0061035
-0.0061035
-0.0054932
-0.0048828
-0.0048828
-0.0048828
-0.0048828
-0.0048828
-0.013428
-0.019531
-0.015869
-0.015259
-0.014648
-0.013428
-0.011597
-0.010376
-0.010986
-0.010986
-0.010376
-0.0091553
-0.0085449
-0.0079346
-0.0073242
0.0042725
0.014038
0.011597
0.010376
0.010376
0.0097656
0.0079346
0.0073242
0.0073242
0.0073242
0.0067139
0.0073242
0.0067139
0.0061035
0.0061035
0.012817
0.022583
0.023193
0.020752
0.018921
0.018921
0.018921
0.014648
0.014038
0.015869
0.014648
0.012207
0.011597
0.012207
0.011597
0.0097656
0.0030518
0.0012207
0.0036621
0.0030518
0.0018311
0.0024414
0.0024414
0.0018311
0.0024414
0.0018311
0.0024414
0.0018311
0.0018311
0.0024414
0.0067139
0.013428
0.014038
0.013428
0.012207
0.010986
0.011597
0.010986
0.0091553
0.0085449
0.0079346
0.0091553
0.0085449
0.0061035
0.0085449
0.021362
0.030518
0.028076
0.026245
0.025635
0.025024
0.023804
0.020752
0.019531
0.020142
0.020142
0.018921
0.018311
0.0177
0.016479
0.021362
0.026855
0.027466
0.026245
0.028076
0.030518
0.029907
0.028687
0.029907
0.028687
0.026245
0.026855
0.026245
0.023804
0.024414
0.016479
0.0042725
0
-0.0012207
0
-0.0012207
-0.0012207
-0.00061035
-0.0012207
-0.00061035
-0.00061035
-0.0012207
-0.0012207
-0.0012207
-0.0012207
-0.010986
-0.023804
-0.026855
-0.026855
-0.026855
-0.025635
-0.025024
-0.023804
-0.021362
-0.021362
-0.020752
-0.020752
-0.021973
-0.020142
-0.0177
-0.03479
-0.05249
-0.05249
-0.05127
-0.047607
-0.045166
-0.043335
-0.043335
-0.042114
-0.039062
-0.036621
-0.0354
-0.033569
-0.031128
-0.029907
0.0097656
0.048218
0.046997
0.043945
0.042725
0.042114
0.039673
0.037842
0.0354
0.03418
0.031738
0.028076
0.026855
0.025635
0.025024
-0.012207
-0.053101
-0.056152
-0.054321
-0.053101
-0.05188
-0.049438
-0.046997
-0.043945
-0.041504
-0.039673
-0.037842
-0.036011
-0.032959
-0.032349
-0.0030518
0.025024
0.020752
0.0177
0.0177
0.01709
0.015869
0.016479
0.016479
0.015869
0.012817
0.011597
0.012817
0.010376
0.010376
0.0042725
-0.0048828
-0.0085449
-0.0079346
-0.0073242
-0.0079346
-0.0067139
-0.0061035
-0.0048828
-0.0067139
-0.0067139
-0.0042725
-0.0054932
-0.0067139
-0.0036621
-0.058594
-0.091553
-0.063477
-0.061035
-0.054932
-0.050049
-0.049438
-0.046997
-0.046997
-0.042114
-0.032959
-0.028076
-0.028687
-0.028687
-0.025024
0.054932
0.11353
0.089111
0.080566
0.075684
0.070801
0.067749
0.063477
0.057983
0.056152
0.053711
0.049438
0.048218
0.047607
0.045166
0.037842
0.028687
0.026855
0.026855
0.023804
0.022583
0.022583
0.021973
0.021362
0.020142
0.018921
0.018311
0.018311
0.01709
0.015869
-0.0012207
-0.022583
-0.028076
-0.027466
-0.026855
-0.026855
-0.026855
-0.026855
-0.025635
-0.023193
-0.022583
-0.023193
-0.020142
-0.019531
-0.018921
-0.023193
-0.029907
-0.028076
-0.025024
-0.023193
-0.021973
-0.021973
-0.020142
-0.018921
-0.018921
-0.0177
-0.016479
-0.015259
-0.015259
-0.015259
-0.025635
-0.03479
-0.031738
-0.029297
-0.028076
-0.026855
-0.024414
-0.022583
-0.021973
-0.020752
-0.018921
-0.0177
-0.01709
-0.015869
-0.014648
0.028076
0.06958
0.066528
0.062866
0.058594
0.054321
0.05127
0.048218
0.046387
0.043945
0.041504
0.041504
0.039673
0.036621
0.033569
0.020752
0.0091553
0.0079346
0.0073242
0.0079346
0.0061035
0.0048828
0.0048828
0.0048828
0.0054932
0.0048828
0.0048828
0.0042725
0.0042725
0.0048828
-0.015259
-0.036621
-0.038452
-0.037842
-0.036011
-0.036011
-0.03479
-0.032349
-0.030518
-0.028687
-0.028687
-0.026245
-0.023804
-0.025024
-0.023804
-0.0030518
0.014648
0.012817
0.013428
0.012207
0.014038
0.014648
0.0097656
0.0091553
0.010376
0.010376
0.0091553
0.010986
0.010986
0.0073242
0.0079346
0.0085449
0.0073242
0.0097656
0.010376
0.0079346
0.0048828
0.0067139
0.0079346
0.0054932
0.0079346
0.0079346
0.0048828
0.0030518
0.0048828
0.0012207
-0.0067139
-0.0079346
-0.0061035
-0.0048828
-0.0054932
-0.0054932
-0.0042725
-0.0048828
-0.0061035
-0.0054932
-0.0042725
-0.0036621
-0.0030518
-0.0024414
0.014648
0.032959
0.032959
0.029297
0.026855
0.024414
0.023804
0.025024
0.022583
0.020752
0.020752
0.020142
0.019531
0.018311
0.01709
0.0061035
-0.0085449
-0.011597
-0.012817
-0.014038
-0.012817
-0.011597
-0.010986
-0.011597
-0.012207
-0.010376
-0.0091553
-0.0091553
-0.0085449
-0.0085449
-0.0030518
0.0042725
0.0036621
0.0018311
0.0030518
0.0036621
0.0030518
0.0018311
0.0012207
0.0024414
0.0036621
0.0018311
0.0012207
0.0018311
0.0018311
0.016479
0.032349
0.03418
0.032959
0.031128
0.030518
0.029297
0.026855
0.026855
0.025635
0.025024
0.025635
0.026245
0.028076
0.024414
-0.012817
-0.05127
-0.055542
-0.058594
-0.061035
-0.059814
-0.059204
-0.057983
-0.056152
-0.05249
-0.049438
-0.050049
-0.047607
-0.042725
-0.041504
-0.038452
-0.033569
-0.031738
-0.029907
-0.026855
-0.026245
-0.026245
-0.024414
-0.022583
-0.022583
-0.021362
-0.019531
-0.018311
-0.01709
-0.014648
-0.0061035
0
-0.00061035
-0.00061035
0
-0.00061035
0
-0.00061035
-0.00061035
0.00061035
-0.00061035
0
0
0
-0.00061035
0.0097656
0.018921
0.016479
0.015869
0.015259
0.014648
0.012817
0.012817
0.011597
0.010986
0.011597
0.0097656
0.010376
0.0091553
0.0091553
0.029297
0.050049
0.053101
0.050659
0.047607
0.046387
0.045166
0.043335
0.040283
0.036011
0.03479
0.032959
0.029907
0.029297
0.029297
0.025024
0.019531
0.015869
0.014038
0.014648
0.014648
0.014038
0.012817
0.012817
0.012207
0.010986
0.010986
0.010376
0.010986
0.010986
0.0091553
0.0079346
0.0067139
0.0054932
0.0061035
0.0073242
0.0073242
0.0054932
0.0054932
0.0054932
0.0036621
0.0048828
0.0054932
0.0042725
0.0036621
-0.0054932
-0.01709
-0.022583
-0.026855
-0.028076
-0.028076
-0.026245
-0.025635
-0.024414
-0.023193
-0.023193
-0.021973
-0.021973
-0.021362
-0.019531
-0.076294
-0.11414
-0.095825
-0.092163
-0.083008
-0.079346
-0.076904
-0.071411
-0.067139
-0.060425
-0.056763
-0.053711
-0.050049
-0.049438
-0.042725
0.014038
0.043945
0.021362
0.020752
0.01709
0.014648
0.014648
0.013428
0.012817
0.010986
0.0097656
0.0097656
0.0091553
0.0079346
0.0073242
0.036011
0.065308
0.063477
0.060425
0.057373
0.053101
0.049438
0.046997
0.044556
0.043335
0.042114
0.039062
0.038452
0.036011
0.032959
-0.0085449
-0.049438
-0.050049
-0.047607
-0.043335
-0.042114
-0.039673
-0.037842
-0.037231
-0.033569
-0.031128
-0.031738
-0.029907
-0.027466
-0.027466
0.0073242
0.038452
0.032349
0.031128
0.029907
0.026855
0.025024
0.023193
0.022583
0.023804
0.023193
0.018921
0.0177
0.018311
0.01709
-0.037842
-0.077515
-0.062866
-0.055542
-0.053101
-0.050049
-0.043335
-0.046997
-0.042725
-0.040894
-0.040283
-0.032349
-0.029907
-0.025024
-0.026245
0.021362
0.054932
0.031738
0.029297
0.026855
0.025024
0.023193
0.021362
0.020142
0.018311
0.018311
0.0177
0.015869
0.015259
0.014648
0.012207
0.0079346
0.0067139
0.0085449
0.0073242
0.0061035
0.0061035
0.0073242
0.0067139
0.0048828
0.0048828
0.0054932
0.0042725
0.0042725
0.0042725
0.010376
0.020142
0.020142
0.018921
0.019531
0.018311
0.014648
0.015259
0.013428
0.013428
0.016479
0.013428
0.011597
0.010376
0.0097656
0.014038
0.0177
0.015869
0.012817
0.012817
0.013428
0.012207
0.010986
0.010986
0.010986
0.0085449
0.0085449
0.0097656
0.0097656
0.0085449
0.0054932
0.0036621
0.0018311
0.0024414
0.0036621
0.0024414
0.0024414
0.0024414
0.0036621
0.0024414
0.0012207
0.0012207
0.0012207
0.0018311
0.0012207
-0.012207
-0.026245
-0.027466
-0.028687
-0.028687
-0.026855
-0.026855
-0.025024
-0.021362
-0.021362
-0.021362
-0.019531
-0.018311
-0.0177
-0.0177
-0.0085449
0.0048828
0.0073242
0.0036621
0.0042725
0.0067139
0.0042725
0.0036621
0.0042725
0.0042725
0.0042725
0.0042725
0.0042725
0.0024414
0.0024414
-0.0085449
-0.021973
-0.021973
-0.019531
-0.019531
-0.019531
-0.0177
-0.015869
-0.014648
-0.015259
-0.015259
-0.013428
-0.012207
-0.012817
-0.011597
0.0030518
0.016479
0.015869
0.014038
0.012207
0.012817
0.012817
0.010376
0.0097656
0.0097656
0.0097656
0.0091553
0.0097656
0.0079346
0.0079346
0.0036621
-0.0042725
-0.0048828
-0.0036621
-0.0042725
-0.0048828
-0.0054932
-0.0061035
-0.0042725
-0.0036621
-0.0042725
-0.0036621
-0.0030518
-0.0024414
-0.0036621
-0.061646
-0.091553
-0.064087
-0.057373
-0.05249
-0.054321
-0.05127
-0.041504
-0.039062
-0.041504
-0.032349
-0.025635
-0.028687
-0.025635
-0.016479
0.023193
0.037231
0.016479
0.014038
0.012207
0.010986
0.010376
0.0091553
0.0073242
0.0067139
0.0061035
0.0054932
0.0042725
0.0048828
0.0048828
0.03479
0.060425
0.053101
0.049438
0.046387
0.043335
0.040283
0.039062
0.036011
0.032959
0.032349
0.029297
0.028076
0.026855
0.024414
0.011597
-0.0030518
-0.0042725
-0.0042725
-0.0048828
-0.0030518
-0.0030518
-0.0061035
-0.0042725
-0.0012207
-0.0024414
-0.0036621
-0.0024414
-0.0024414
-0.0036621
-0.044556
-0.070801
-0.050659
-0.044556
-0.045776
-0.040894
-0.037842
-0.03479
-0.031738
-0.029907
-0.026245
-0.026245
-0.024414
-0.023193
-0.020752
0.014648
0.029907
0.010986
0.0097656
0.0079346
0.0079346
0.0067139
0.0067139
0.0067139
0.0048828
0.0042725
0.0048828
0.0048828
0.0042725
0.0030518
-0.0030518
-0.0048828
-0.0036621
-0.0036621
-0.0024414
-0.0036621
-0.0030518
-0.0024414
-0.0024414
-0.0018311
-0.0030518
-0.0018311
-0.0012207
-0.0024414
-0.0012207
0.0091553
0.016479
0.014648
0.012817
0.012207
0.012817
0.010986
0.0091553
0.0085449
0.0079346
0.0079346
0.0085449
0.0073242
0.0054932
0.0054932
-0.046387
-0.078735
-0.054932
-0.049438
-0.045776
-0.040283
-0.033569
-0.026245
-0.025024
-0.020142
-0.0073242
0.00061035
0.00061035
-0.0024414
-0.0012207
0.050049
0.068359
0.039062
0.039062
0.0354
0.032959
0.029297
0.027466
0.025635
0.022583
0.021973
0.019531
0.018921
0.018311
0.016479
0.01709
0.015869
0.014648
0.014038
0.014038
0.013428
0.011597
0.010986
0.010986
0.010376
0.0097656
0.0085449
0.0085449
0.0091553
0.0085449
-0.039062
-0.075684
-0.055542
-0.042114
-0.045166
-0.045776
-0.03418
-0.032959
-0.03479
-0.031128
-0.026245
-0.020142
-0.01709
-0.015869
-0.018311
0.01709
0.039062
0.020752
0.0177
0.015869
0.015259
0.014648
0.012817
0.010376
0.010376
0.0091553
0.0079346
0.0085449
0.0079346
0.0067139
-0.037231
-0.058594
-0.0354
-0.032349
-0.029297
-0.025635
-0.023804
-0.023804
-0.018311
-0.0097656
-0.0073242
-0.0061035
-0.0018311
0.00061035
-0.00061035
0.041504
0.067139
0.046997
0.042725
0.039673
0.03479
0.031738
0.031128
0.027466
0.026245
0.024414
0.021362
0.020142
0.019531
0.018311
0.039673
0.066528
0.067749
0.063477
0.059814
0.054932
0.05188
0.048218
0.045776
0.045166
0.042114
0.041504
0.039062
0.03418
0.032959
-0.023193
-0.074463
-0.076294
-0.083008
-0.079956
-0.073853
-0.06958
-0.065308
-0.060425
-0.056763
-0.053711
-0.050049
-0.049438
-0.05188
-0.050049
0.013428
0.049438
0.023804
0.020142
0.01709
0.0177
0.01709
0.015259
0.014038
0.013428
0.014038
0.012817
0.010376
0.011597
0.010986
0.0036621
-0.0012207
-0.0018311
-0.0018311
0
-0.00061035
-0.0018311
-0.00061035
-0.00061035
-0.0012207
-0.0012207
-0.0018311
-0.0012207
0
-0.00061035
-0.010986
-0.0177
-0.014648
-0.015259
-0.014038
-0.011597
-0.011597
-0.011597
-0.010376
-0.0091553
-0.0085449
-0.0079346
-0.0079346
-0.0079346
-0.0067139
-0.038452
-0.055542
-0.039062
-0.025024
-0.025024
-0.029907
-0.020752
-0.020142
-0.021362
-0.014038
-0.015869
-0.018311
-0.0073242
-0.0091553
-0.011597
0.064697
0.12024
0.097046
0.090332
0.084839
0.078735
0.075684
0.07019
0.065308
0.063477
0.059204
0.054321
0.050659
0.046997
0.043945
0.026245
0.0018311
-0.0061035
-0.0061035
-0.0054932
-0.0061035
-0.0061035
-0.0048828
-0.0054932
-0.0054932
-0.0054932
-0.0042725
-0.0048828
-0.0054932
-0.0042725
-0.06897
-0.11169
-0.092163
-0.089111
-0.079956
-0.075684
-0.076904
-0.071411
-0.062256
-0.059204
-0.056152
-0.05127
-0.046387
-0.040894
-0.036011
0.027466
0.065308
0.040283
0.036621
0.032959
0.030518
0.028687
0.026855
0.024414
0.022583
0.021973
0.020142
0.018921
0.01709
0.015259
-0.0036621
-0.018921
-0.015259
-0.014648
-0.013428
-0.011597
-0.010376
-0.010986
-0.010986
-0.0097656
-0.0085449
-0.0073242
-0.0067139
-0.0073242
-0.0067139
0.027466
0.059814
0.056152
0.05249
0.050049
0.047607
0.044556
0.040894
0.037842
0.037231
0.036011
0.032959
0.031738
0.030518
0.028687
0.018311
0.0073242
0.0073242
0.0073242
0.0048828
0.0079346
0.0079346
0.0036621
0.0054932
0.0061035
0.0042725
0.0048828
0.0061035
0.0054932
0.0042725
0.018311
0.0354
0.039062
0.036621
0.032349
0.031738
0.031128
0.029907
0.028687
0.029907
0.030518
0.029297
0.029907
0.029907
0.027466
0.021362
0.015869
0.014648
0.015259
0.014648
0.012817
0.012207
0.011597
0.010986
0.010376
0.011597
0.012207
0.010376
0.0097656
0.010376
0.0073242
0
-0.0036621
-0.0030518
-0.0030518
-0.0036621
-0.0030518
-0.0036621
-0.0036621
-0.0024414
-0.0024414
-0.0036621
-0.0042725
-0.0030518
-0.0024414
-0.056152
-0.093384
-0.079346
-0.088501
-0.089722
-0.080566
-0.078125
-0.079956
-0.077515
-0.067139
-0.062866
-0.066528
-0.061035
-0.05249
-0.054321
-0.020752
0.0024414
-0.012817
-0.012817
-0.011597
-0.010986
-0.0097656
-0.0085449
-0.0085449
-0.0079346
-0.0073242
-0.0073242
-0.0073242
-0.0067139
-0.0054932
0.0048828
0.012817
0.010986
0.010376
0.0097656
0.0097656
0.0085449
0.0079346
0.0079346
0.0073242
0.0061035
0.0054932
0.0067139
0.0061035
0.0061035
0.020142
0.032959
0.032349
0.030518
0.027466
0.025635
0.025024
0.024414
0.023193
0.021973
0.020142
0.019531
0.018921
0.018311
0.01709
0.0061035
-0.0030518
-0.0030518
-0.0030518
-0.0018311
-0.0018311
-0.0018311
-0.0012207
-0.0012207
-0.0024414
-0.0012207
0.00061035
-0.0012207
-0.0018311
0
0.0030518
0.0042725
0.0054932
0.0061035
0.0054932
0.0048828
0.0048828
0.0061035
0.0054932
0.0036621
0.0030518
0.0036621
0.0048828
0.0036621
0.0036621
-0.015869
-0.03418
-0.032349
-0.031738
-0.029297
-0.028076
-0.027466
-0.025024
-0.023804
-0.022583
-0.020142
-0.021362
-0.020142
-0.018921
-0.018311
-0.01709
-0.0177
-0.015869
-0.015259
-0.015259
-0.014038
-0.012817
-0.010986
-0.010986
-0.010986
-0.0097656
-0.0085449
-0.0079346
-0.0085449
-0.0079346
0.010986
0.025635
0.021362
0.020752
0.018311
0.018311
0.018311
0.015869
0.016479
0.015259
0.012817
0.013428
0.012207
0.010376
0.011597
-0.0097656
-0.028076
-0.023804
-0.021973
-0.020752
-0.018921
-0.0177
-0.0177
-0.015869
-0.014648
-0.013428
-0.013428
-0.012817
-0.011597
-0.010376
0.0097656
0.025024
0.020752
0.018921
0.018921
0.018311
0.015869
0.015259
0.014648
0.013428
0.013428
0.012817
0.011597
0.010986
0.010376
0.026245
0.041504
0.040894
0.039673
0.037231
0.03418
0.032349
0.031738
0.029907
0.028076
0.028076
0.028076
0.024414
0.022583
0.022583
0.010986
-0.0012207
-0.0024414
-0.0018311
-0.0012207
-0.0018311
-0.0012207
-0.0012207
-0.0024414
-0.0018311
-0.0012207
-0.0018311
-0.00061035
0
-0.0024414
-0.012207
-0.021362
-0.024414
-0.026855
-0.026245
-0.023804
-0.021973
-0.021362
-0.020142
-0.019531
-0.018921
-0.01709
-0.015869
-0.015869
-0.015869
0.0036621
0.023193
0.021973
0.020752
0.019531
0.0177
0.019531
0.01709
0.014648
0.015259
0.015259
0.015259
0.014038
0.012817
0.012207
0.023804
0.03479
0.036011
0.0354
0.033569
0.031128
0.030518
0.030518
0.028076
0.026855
0.025024
0.023193
0.022583
0.021362
0.020752
